'sample #','ECG '
0,-16
1,-14
2,-13
3,-12
4,-10
5,-8
6,-6
7,-3
8,0
9,2
10,3
11,1
12,-1
13,-5
14,-10
15,-19
16,-29
17,-34
18,-38
19,-42
20,-45
21,-47
22,-49
23,-51
24,-53
25,-55
26,-57
27,-60
28,-62
29,-63
30,-62
31,-57
32,-50
33,-28
34,8
35,53
36,107
37,165
38,222
39,262
40,264
41,237
42,145
43,21
44,-107
45,-212
46,-257
47,-260
48,-228
49,-187
50,-150
51,-118
52,-102
53,-89
54,-80
55,-75
56,-72
57,-70
58,-68
59,-66
60,-63
61,-60
62,-57
63,-55
64,-53
65,-51
66,-49
67,-48
68,-47
69,-47
70,-47
71,-47
72,-48
73,-50
74,-52
75,-54
76,-57
77,-62
78,-64
79,-62
80,-57
81,-54
82,-51
83,-49
84,-46
85,-44
86,-43
87,-41
88,-39
89,-37
90,-34
91,-31
92,-27
93,-22
94,-15
95,-7
96,-1
97,3
98,8
99,16
100,28
101,42
102,52
103,58
104,62
105,67
106,72
107,75
108,77
109,79
110,81
111,82
112,83
113,84
114,84
115,83
116,82
117,81
118,79
119,77
120,76
121,74
122,72
123,69
124,65
125,62
126,58
127,55
128,53
129,50
130,47
131,43
132,38
133,33
134,28
135,22
136,15
137,8
138,6
139,4
140,3
141,2
142,1
143,0
144,0
145,-1
146,-1
147,-2
148,0
149,1
150,3
151,5
152,7
153,9
154,11
155,13
156,16
157,18
158,19
159,18
160,16
161,14
162,13
163,12
164,10
165,8
166,5
167,2
168,2
169,2
170,2
171,1
172,1
173,0
174,-1
175,-1
176,0
177,1
178,2
179,3
180,5
181,8
182,10
183,9
184,6
185,4
186,2
187,0
188,0
189,0
190,0
191,0
192,0
193,1
194,3
195,4
196,6
197,8
198,10
199,11
200,12
201,12
202,11
203,9
204,6
205,3
206,0
207,-1
208,-4
209,-6
210,-8
211,-9
212,-11
213,-12
214,-13
215,-14
216,-15
217,-15
218,-15
219,-15
220,-14
221,-13
222,-11
223,-10
224,-8
225,-6
226,-4
227,-1
228,0
229,2
230,4
231,7
232,10
233,14
234,16
235,16
236,15
237,13
238,9
239,4
240,-5
241,-15
242,-18
243,-21
244,-23
245,-21
246,-15
247,-9
248,-1
249,4
250,6
251,8
252,9
253,11
254,13
255,14
256,16
257,17
258,18
259,19
260,22
261,34
262,60
263,97
264,151
265,219
266,292
267,353
268,379
269,349
270,256
271,117
272,-32
273,-155
274,-220
275,-229
276,-212
277,-166
278,-117
279,-81
280,-54
281,-36
282,-25
283,-19
284,-14
285,-11
286,-10
287,-10
288,-11
289,-12
290,-12
291,-13
292,-13
293,-14
294,-15
295,-16
296,-17
297,-18
298,-19
299,-19
300,-20
301,-20
302,-20
303,-20
304,-20
305,-21
306,-21
307,-21
308,-22
309,-23
310,-24
311,-26
312,-27
313,-27
314,-26
315,-24
316,-22
317,-20
318,-18
319,-15
320,-13
321,-9
322,-6
323,-3
324,0
325,3
326,6
327,10
328,15
329,19
330,24
331,29
332,40
333,53
334,59
335,63
336,66
337,68
338,70
339,71
340,74
341,78
342,77
343,70
344,64
345,60
346,56
347,52
348,49
349,44
350,38
351,28
352,19
353,12
354,7
355,4
356,0
357,-3
358,-6
359,-8
360,-10
361,-12
362,-13
363,-14
364,-16
365,-17
366,-19
367,-20
368,-22
369,-23
370,-23
371,-24
372,-25
373,-26
374,-27
375,-29
376,-30
377,-32
378,-34
379,-36
380,-37
381,-37
382,-36
383,-35
384,-33
385,-30
386,-27
387,-24
388,-20
389,-12
390,-6
391,-2
392,0
393,2
394,4
395,6
396,7
397,8
398,7
399,6
400,4
401,3
402,2
403,5
404,12
405,14
406,16
407,18
408,20
409,22
410,24
411,25
412,26
413,27
414,27
415,26
416,25
417,23
418,20
419,17
420,15
421,12
422,10
423,8
424,7
425,5
426,4
427,3
428,2
429,1
430,0
431,-1
432,-2
433,-2
434,-3
435,-3
436,-4
437,-4
438,-5
439,-5
440,-5
441,-4
442,-4
443,-4
444,-4
445,-4
446,-4
447,-4
448,-4
449,-5
450,-7
451,-8
452,-7
453,-6
454,-3
455,0
456,3
457,9
458,16
459,22
460,28
461,32
462,35
463,37
464,39
465,42
466,44
467,41
468,34
469,28
470,21
471,14
472,7
473,1
474,-2
475,-7
476,-11
477,-14
478,-17
479,-19
480,-23
481,-25
482,-27
483,-25
484,-22
485,-17
486,-10
487,1
488,17
489,38
490,66
491,104
492,156
493,220
494,287
495,332
496,335
497,300
498,199
499,63
500,-72
501,-169
502,-203
503,-205
504,-182
505,-146
506,-113
507,-91
508,-79
509,-70
510,-62
511,-51
512,-45
513,-42
514,-39
515,-36
516,-34
517,-32
518,-31
519,-29
520,-28
521,-27
522,-26
523,-25
524,-24
525,-22
526,-20
527,-18
528,-17
529,-17
530,-18
531,-20
532,-22
533,-23
534,-24
535,-26
536,-28
537,-29
538,-28
539,-26
540,-22
541,-19
542,-15
543,-12
544,-9
545,-5
546,-1
547,2
548,6
549,9
550,13
551,18
552,23
553,25
554,25
555,24
556,24
557,24
558,24
559,25
560,25
561,27
562,31
563,35
564,40
565,47
566,52
567,57
568,60
569,63
570,65
571,67
572,67
573,65
574,63
575,59
576,54
577,47
578,40
579,32
580,20
581,13
582,10
583,8
584,6
585,4
586,2
587,0
588,-2
589,-4
590,-7
591,-10
592,-12
593,-16
594,-22
595,-27
596,-27
597,-27
598,-27
599,-26
600,-27
601,-27
602,-28
603,-29
604,-29
605,-28
606,-26
607,-25
608,-23
609,-20
610,-19
611,-20
612,-23
613,-25
614,-28
615,-30
616,-31
617,-30
618,-26
619,-21
620,-11
621,4
622,16
623,24
624,28
625,24
626,15
627,0
628,-16
629,-40
630,-67
631,-80
632,-91
633,-97
634,-93
635,-81
636,-57
637,-34
638,-11
639,2
640,17
641,28
642,35
643,40
644,39
645,30
646,16
647,0
648,-13
649,-23
650,-33
651,-38
652,-42
653,-45
654,-48
655,-49
656,-50
657,-49
658,-48
659,-46
660,-43
661,-40
662,-36
663,-28
664,-19
665,-10
666,-2
667,0
668,2
669,4
670,3
671,-2
672,-10
673,-17
674,-25
675,-29
676,-32
677,-35
678,-37
679,-38
680,-37
681,-35
682,-32
683,-27
684,-19
685,-10
686,-8
687,-7
688,-5
689,-4
690,-4
691,-7
692,-11
693,-16
694,-19
695,-23
696,-27
697,-30
698,-33
699,-35
700,-36
701,-37
702,-38
703,-39
704,-41
705,-42
706,-43
707,-43
708,-42
709,-40
710,-38
711,-35
712,-31
713,-22
714,-4
715,28
716,71
717,124
718,183
719,242
720,293
721,316
722,292
723,211
724,86
725,-53
726,-173
727,-237
728,-247
729,-232
730,-199
731,-169
732,-143
733,-128
734,-113
735,-98
736,-86
737,-77
738,-66
739,-58
740,-52
741,-47
742,-45
743,-43
744,-42
745,-41
746,-41
747,-40
748,-39
749,-39
750,-39
751,-39
752,-39
753,-39
754,-40
755,-40
756,-40
757,-41
758,-41
759,-42
760,-42
761,-43
762,-43
763,-44
764,-45
765,-46
766,-46
767,-44
768,-41
769,-37
770,-32
771,-26
772,-20
773,-14
774,-9
775,-4
776,0
777,5
778,10
779,15
780,20
781,25
782,29
783,32
784,35
785,39
786,43
787,50
788,60
789,74
790,81
791,84
792,87
793,89
794,90
795,91
796,91
797,91
798,90
799,89
800,86
801,84
802,80
803,74
804,59
805,48
806,42
807,36
808,31
809,26
810,22
811,19
812,17
813,15
814,12
815,9
816,4
817,0
818,-4
819,-8
820,-11
821,-14
822,-18
823,-21
824,-24
825,-26
826,-28
827,-30
828,-32
829,-34
830,-35
831,-36
832,-37
833,-39
834,-42
835,-44
836,-45
837,-44
838,-40
839,-35
840,-30
841,-26
842,-21
843,-16
844,-11
845,-8
846,-5
847,-2
848,-1
849,0
850,1
851,2
852,4
853,4
854,5
855,5
856,6
857,6
858,6
859,5
860,4
861,2
862,1
863,0
864,-1
865,-2
866,-3
867,-5
868,-7
869,-8
870,-10
871,-13
872,-15
873,-17
874,-18
875,-17
876,-16
877,-13
878,-9
879,-2
880,11
881,17
882,20
883,23
884,26
885,27
886,28
887,27
888,27
889,27
890,27
891,27
892,27
893,28
894,28
895,29
896,30
897,31
898,33
899,33
900,34
901,35
902,35
903,36
904,37
905,38
906,39
907,39
908,41
909,44
910,47
911,49
912,50
913,48
914,44
915,39
916,34
917,30
918,26
919,21
920,17
921,13
922,10
923,8
924,7
925,6
926,5
927,3
928,2
929,0
930,-2
931,-3
932,0
933,9
934,21
935,40
936,75
937,121
938,178
939,244
940,306
941,350
942,353
943,323
944,229
945,96
946,-43
947,-156
948,-209
949,-214
950,-192
951,-147
952,-102
953,-63
954,-36
955,-10
956,6
957,15
958,19
959,22
960,26
961,28
962,30
963,31
964,31
965,32
966,32
967,32
968,33
969,33
970,33
971,33
972,34
973,35
974,35
975,33
976,28
977,22
978,15
979,5
980,-6
981,-13
982,-18
983,-22
984,-26
985,-28
986,-28
987,-26
988,-23
989,-20
990,-17
991,-14
992,-10
993,-6
994,-3
995,0
996,4
997,9
998,14
999,20
1000,27
1001,33
1002,38
1003,43
1004,49
1005,55
1006,62
1007,70
1008,74
1009,78
1010,82
1011,85
1012,88
1013,90
1014,91
1015,91
1016,91
1017,91
1018,91
1019,90
1020,88
1021,86
1022,84
1023,81
1024,76
1025,67
1026,58
1027,51
1028,44
1029,37
1030,30
1031,25
1032,21
1033,17
1034,13
1035,8
1036,4
1037,0
1038,-4
1039,-8
1040,-12
1041,-16
1042,-18
1043,-21
1044,-23
1045,-25
1046,-26
1047,-27
1048,-29
1049,-31
1050,-32
1051,-34
1052,-34
1053,-35
1054,-35
1055,-35
1056,-34
1057,-33
1058,-31
1059,-29
1060,-27
1061,-25
1062,-22
1063,-20
1064,-17
1065,-15
1066,-11
1067,-7
1068,-3
1069,0
1070,1
1071,2
1072,3
1073,4
1074,5
1075,5
1076,5
1077,5
1078,5
1079,5
1080,5
1081,5
1082,4
1083,1
1084,-2
1085,-5
1086,-7
1087,-11
1088,-14
1089,-17
1090,-18
1091,-17
1092,-15
1093,-11
1094,-7
1095,0
1096,9
1097,10
1098,11
1099,12
1100,13
1101,14
1102,14
1103,13
1104,13
1105,13
1106,13
1107,13
1108,12
1109,11
1110,10
1111,9
1112,9
1113,8
1114,7
1115,5
1116,3
1117,2
1118,2
1119,1
1120,0
1121,-1
1122,-2
1123,-2
1124,-1
1125,2
1126,6
1127,12
1128,17
1129,21
1130,26
1131,32
1132,37
1133,39
1134,38
1135,35
1136,31
1137,26
1138,17
1139,2
1140,-3
1141,-5
1142,-8
1143,-10
1144,-12
1145,-13
1146,-14
1147,-15
1148,-16
1149,-16
1150,-16
1151,-16
1152,-15
1153,-13
1154,-11
1155,-8
1156,-6
1157,-2
1158,1
1159,20
1160,57
1161,109
1162,177
1163,252
1164,320
1165,345
1166,337
1167,265
1168,133
1169,-24
1170,-171
1171,-262
1172,-286
1173,-262
1174,-209
1175,-161
1176,-134
1177,-125
1178,-116
1179,-104
1180,-88
1181,-75
1182,-68
1183,-64
1184,-63
1185,-64
1186,-64
1187,-64
1188,-65
1189,-65
1190,-66
1191,-66
1192,-66
1193,-66
1194,-67
1195,-67
1196,-68
1197,-68
1198,-67
1199,-66
1200,-66
1201,-65
1202,-65
1203,-65
1204,-65
1205,-64
1206,-64
1207,-64
1208,-64
1209,-65
1210,-64
1211,-63
1212,-63
1213,-62
1214,-61
1215,-60
1216,-59
1217,-57
1218,-54
1219,-50
1220,-46
1221,-42
1222,-38
1223,-34
1224,-30
1225,-26
1226,-21
1227,-11
1228,2
1229,9
1230,13
1231,16
1232,20
1233,24
1234,29
1235,32
1236,35
1237,38
1238,42
1239,44
1240,46
1241,46
1242,44
1243,41
1244,37
1245,34
1246,31
1247,27
1248,22
1249,17
1250,12
1251,8
1252,4
1253,0
1254,-4
1255,-8
1256,-11
1257,-13
1258,-15
1259,-18
1260,-23
1261,-31
1262,-37
1263,-40
1264,-43
1265,-44
1266,-46
1267,-47
1268,-48
1269,-49
1270,-50
1271,-51
1272,-51
1273,-52
1274,-53
1275,-53
1276,-55
1277,-56
1278,-57
1279,-57
1280,-55
1281,-52
1282,-49
1283,-45
1284,-43
1285,-42
1286,-40
1287,-38
1288,-37
1289,-35
1290,-33
1291,-31
1292,-30
1293,-28
1294,-27
1295,-26
1296,-26
1297,-25
1298,-24
1299,-23
1300,-22
1301,-22
1302,-20
1303,-19
1304,-17
1305,-16
1306,-15
1307,-15
1308,-16
1309,-18
1310,-20
1311,-21
1312,-22
1313,-24
1314,-26
1315,-28
1316,-30
1317,-31
1318,-30
1319,-29
1320,-27
1321,-25
1322,-23
1323,-21
1324,-19
1325,-17
1326,-15
1327,-14
1328,-12
1329,-11
1330,-9
1331,-6
1332,-4
1333,-2
1334,-1
1335,0
1336,1
1337,3
1338,4
1339,6
1340,7
1341,8
1342,8
1343,7
1344,5
1345,4
1346,2
1347,0
1348,-1
1349,-4
1350,-7
1351,-7
1352,-5
1353,0
1354,5
1355,13
1356,20
1357,29
1358,35
1359,36
1360,37
1361,39
1362,34
1363,29
1364,26
1365,23
1366,18
1367,13
1368,4
1369,-5
1370,-9
1371,-12
1372,-14
1373,-15
1374,-15
1375,-13
1376,-9
1377,-6
1378,-2
1379,1
1380,5
1381,8
1382,12
1383,24
1384,50
1385,90
1386,143
1387,206
1388,273
1389,329
1390,353
1391,323
1392,234
1393,104
1394,-28
1395,-132
1396,-191
1397,-202
1398,-206
1399,-198
1400,-174
1401,-150
1402,-124
1403,-93
1404,-56
1405,-33
1406,-25
1407,-24
1408,-26
1409,-28
1410,-29
1411,-31
1412,-32
1413,-32
1414,-30
1415,-28
1416,-27
1417,-26
1418,-26
1419,-25
1420,-24
1421,-23
1422,-21
1423,-20
1424,-19
1425,-18
1426,-17
1427,-16
1428,-14
1429,-12
1430,-11
1431,-9
1432,-7
1433,-5
1434,-2
1435,0
1436,4
1437,7
1438,10
1439,13
1440,15
1441,18
1442,20
1443,22
1444,24
1445,26
1446,27
1447,29
1448,31
1449,34
1450,38
1451,44
1452,51
1453,57
1454,67
1455,80
1456,88
1457,95
1458,103
1459,112
1460,120
1461,125
1462,128
1463,132
1464,133
1465,131
1466,126
1467,122
1468,119
1469,115
1470,111
1471,106
1472,98
1473,85
1474,75
1475,69
1476,62
1477,56
1478,47
1479,32
1480,20
1481,14
1482,9
1483,5
1484,1
1485,-3
1486,-10
1487,-12
1488,-13
1489,-14
1490,-14
1491,-13
1492,-12
1493,-11
1494,-10
1495,-10
1496,-11
1497,-14
1498,-17
1499,-22
1500,-27
1501,-30
1502,-32
1503,-34
1504,-37
1505,-36
1506,-29
1507,-25
1508,-22
1509,-20
1510,-17
1511,-16
1512,-16
1513,-15
1514,-15
1515,-14
1516,-14
1517,-14
1518,-13
1519,-13
1520,-13
1521,-12
1522,-11
1523,-9
1524,-9
1525,-8
1526,-8
1527,-8
1528,-8
1529,-7
1530,-6
1531,-6
1532,-6
1533,-5
1534,-5
1535,-3
1536,-2
1537,-1
1538,0
1539,0
1540,0
1541,0
1542,0
1543,0
1544,0
1545,0
1546,-1
1547,-2
1548,-3
1549,-3
1550,-4
1551,-5
1552,-7
1553,-9
1554,-11
1555,-14
1556,-20
1557,-26
1558,-30
1559,-35
1560,-41
1561,-49
1562,-55
1563,-59
1564,-62
1565,-63
1566,-61
1567,-57
1568,-53
1569,-48
1570,-44
1571,-38
1572,-33
1573,-28
1574,-24
1575,-21
1576,-18
1577,-15
1578,-14
1579,-13
1580,-13
1581,-14
1582,-17
1583,-20
1584,-24
1585,-27
1586,-31
1587,-36
1588,-40
1589,-44
1590,-46
1591,-47
1592,-48
1593,-49
1594,-50
1595,-52
1596,-53
1597,-54
1598,-54
1599,-52
1600,-49
1601,-45
1602,-40
1603,-33
1604,-27
1605,-13
1606,10
1607,50
1608,105
1609,175
1610,243
1611,288
1612,288
1613,245
1614,135
1615,-8
1616,-146
1617,-245
1618,-275
1619,-274
1620,-237
1621,-193
1622,-159
1623,-135
1624,-120
1625,-106
1626,-98
1627,-93
1628,-90
1629,-87
1630,-85
1631,-82
1632,-77
1633,-71
1634,-65
1635,-58
1636,-51
1637,-46
1638,-40
1639,-34
1640,-29
1641,-23
1642,-18
1643,-12
1644,-7
1645,-3
1646,-1
1647,0
1648,2
1649,4
1650,5
1651,5
1652,5
1653,5
1654,4
1655,3
1656,1
1657,0
1658,-3
1659,-5
1660,-3
1661,1
1662,3
1663,5
1664,6
1665,8
1666,9
1667,11
1668,12
1669,14
1670,16
1671,18
1672,20
1673,23
1674,26
1675,32
1676,42
1677,49
1678,55
1679,59
1680,63
1681,66
1682,70
1683,73
1684,75
1685,78
1686,79
1687,80
1688,80
1689,79
1690,76
1691,73
1692,68
1693,62
1694,52
1695,41
1696,31
1697,23
1698,16
1699,11
1700,7
1701,5
1702,2
1703,0
1704,-2
1705,-6
1706,-9
1707,-13
1708,-18
1709,-24
1710,-30
1711,-36
1712,-41
1713,-44
1714,-47
1715,-49
1716,-52
1717,-54
1718,-55
1719,-56
1720,-57
1721,-57
1722,-56
1723,-55
1724,-54
1725,-52
1726,-50
1727,-47
1728,-45
1729,-42
1730,-38
1731,-30
1732,-25
1733,-22
1734,-20
1735,-18
1736,-17
1737,-16
1738,-15
1739,-14
1740,-13
1741,-12
1742,-11
1743,-11
1744,-11
1745,-12
1746,-11
1747,-11
1748,-11
1749,-10
1750,-10
1751,-9
1752,-7
1753,-6
1754,-5
1755,-5
1756,-5
1757,-6
1758,-7
1759,-8
1760,-9
1761,-10
1762,-12
1763,-14
1764,-15
1765,-16
1766,-18
1767,-20
1768,-24
1769,-27
1770,-30
1771,-33
1772,-35
1773,-37
1774,-39
1775,-42
1776,-44
1777,-45
1778,-46
1779,-47
1780,-47
1781,-48
1782,-48
1783,-48
1784,-48
1785,-47
1786,-47
1787,-46
1788,-45
1789,-44
1790,-42
1791,-40
1792,-38
1793,-34
1794,-22
1795,-10
1796,-3
1797,1
1798,4
1799,7
1800,10
1801,12
1802,11
1803,8
1804,3
1805,-2
1806,-10
1807,-19
1808,-29
1809,-38
1810,-39
1811,-40
1812,-41
1813,-42
1814,-42
1815,-43
1816,-43
1817,-43
1818,-43
1819,-42
1820,-41
1821,-39
1822,-36
1823,-32
1824,-17
1825,8
1826,47
1827,98
1828,160
1829,225
1830,281
1831,298
1832,287
1833,216
1834,92
1835,-46
1836,-160
1837,-222
1838,-231
1839,-215
1840,-173
1841,-133
1842,-106
1843,-96
1844,-89
1845,-84
1846,-81
1847,-76
1848,-69
1849,-59
1850,-44
1851,-37
1852,-32
1853,-29
1854,-27
1855,-28
1856,-30
1857,-33
1858,-36
1859,-39
1860,-41
1861,-41
1862,-37
1863,-33
1864,-31
1865,-29
1866,-26
1867,-24
1868,-22
1869,-21
1870,-21
1871,-21
1872,-22
1873,-22
1874,-23
1875,-24
1876,-26
1877,-28
1878,-28
1879,-26
1880,-22
1881,-17
1882,-10
1883,-1
1884,3
1885,6
1886,8
1887,11
1888,14
1889,17
1890,19
1891,21
1892,24
1893,27
1894,36
1895,51
1896,65
1897,80
1898,89
1899,94
1900,98
1901,101
1902,103
1903,104
1904,104
1905,104
1906,103
1907,102
1908,101
1909,100
1910,98
1911,96
1912,93
1913,88
1914,83
1915,77
1916,70
1917,63
1918,58
1919,51
1920,43
1921,33
1922,27
1923,22
1924,17
1925,11
1926,6
1927,0
1928,-5
1929,-12
1930,-17
1931,-19
1932,-20
1933,-20
1934,-20
1935,-21
1936,-21
1937,-21
1938,-21
1939,-22
1940,-21
1941,-21
1942,-20
1943,-18
1944,-16
1945,-13
1946,-10
1947,-7
1948,-5
1949,-4
1950,-2
1951,0
1952,1
1953,3
1954,5
1955,6
1956,8
1957,9
1958,11
1959,13
1960,15
1961,16
1962,18
1963,20
1964,22
1965,25
1966,28
1967,30
1968,31
1969,31
1970,31
1971,32
1972,32
1973,32
1974,32
1975,32
1976,32
1977,33
1978,34
1979,34
1980,33
1981,30
1982,26
1983,24
1984,22
1985,21
1986,19
1987,17
1988,14
1989,11
1990,9
1991,7
1992,4
1993,2
1994,0
1995,-5
1996,-9
1997,-11
1998,-12
1999,-14
2000,-16
2001,-19
2002,-18
2003,-10
2004,-6
2005,-2
2006,0
2007,1
2008,3
2009,5
2010,8
2011,10
2012,13
2013,15
2014,18
2015,20
2016,25
2017,35
2018,43
2019,49
2020,53
2021,56
2022,57
2023,54
2024,50
2025,43
2026,32
2027,16
2028,7
2029,1
2030,-1
2031,-1
2032,0
2033,0
2034,-1
2035,-1
2036,-1
2037,-1
2038,-1
2039,0
2040,0
2041,1
2042,3
2043,6
2044,10
2045,21
2046,39
2047,71
2048,119
2049,182
2050,254
2051,321
2052,357
2053,354
2054,305
2055,197
2056,61
2057,-63
2058,-154
2059,-189
2060,-191
2061,-167
2062,-134
2063,-101
2064,-72
2065,-42
2066,-12
2067,-4
2068,-2
2069,-1
2070,0
2071,0
2072,0
2073,0
2074,-1
2075,-1
2076,-1
2077,-2
2078,-2
2079,-2
2080,-3
2081,-3
2082,-3
2083,-2
2084,-2
2085,-1
2086,0
2087,0
2088,1
2089,1
2090,2
2091,3
2092,3
2093,3
2094,3
2095,3
2096,3
2097,4
2098,4
2099,5
2100,5
2101,6
2102,7
2103,8
2104,9
2105,11
2106,13
2107,15
2108,19
2109,29
2110,41
2111,49
2112,55
2113,60
2114,64
2115,68
2116,72
2117,75
2118,78
2119,80
2120,81
2121,82
2122,84
2123,84
2124,85
2125,84
2126,83
2127,81
2128,79
2129,78
2130,76
2131,74
2132,72
2133,69
2134,65
2135,62
2136,59
2137,55
2138,51
2139,45
2140,39
2141,33
2142,25
2143,18
2144,11
2145,5
2146,0
2147,-6
2148,-13
2149,-23
2150,-31
2151,-34
2152,-36
2153,-38
2154,-40
2155,-41
2156,-42
2157,-43
2158,-44
2159,-45
2160,-45
2161,-46
2162,-46
2163,-46
2164,-46
2165,-46
2166,-45
2167,-45
2168,-44
2169,-44
2170,-44
2171,-43
2172,-42
2173,-41
2174,-41
2175,-40
2176,-40
2177,-39
2178,-38
2179,-37
2180,-36
2181,-35
2182,-34
2183,-34
2184,-33
2185,-31
2186,-30
2187,-29
2188,-28
2189,-28
2190,-28
2191,-28
2192,-29
2193,-29
2194,-31
2195,-33
2196,-36
2197,-38
2198,-39
2199,-40
2200,-40
2201,-41
2202,-43
2203,-44
2204,-45
2205,-46
2206,-46
2207,-46
2208,-48
2209,-49
2210,-50
2211,-50
2212,-50
2213,-50
2214,-50
2215,-51
2216,-52
2217,-52
2218,-52
2219,-52
2220,-52
2221,-53
2222,-54
2223,-56
2224,-57
2225,-58
2226,-58
2227,-60
2228,-62
2229,-64
2230,-66
2231,-65
2232,-63
2233,-58
2234,-54
2235,-49
2236,-44
2237,-37
2238,-30
2239,-29
2240,-29
2241,-29
2242,-29
2243,-30
2244,-30
2245,-29
2246,-29
2247,-29
2248,-30
2249,-33
2250,-35
2251,-38
2252,-42
2253,-45
2254,-51
2255,-57
2256,-63
2257,-68
2258,-71
2259,-74
2260,-76
2261,-78
2262,-80
2263,-81
2264,-80
2265,-78
2266,-75
2267,-71
2268,-67
2269,-61
2270,-49
2271,-37
2272,-7
2273,35
2274,92
2275,157
2276,221
2277,277
2278,285
2279,270
2280,177
2281,34
2282,-119
2283,-244
2284,-303
2285,-308
2286,-276
2287,-223
2288,-175
2289,-138
2290,-111
2291,-94
2292,-84
2293,-80
2294,-77
2295,-73
2296,-70
2297,-65
2298,-61
2299,-57
2300,-53
2301,-51
2302,-49
2303,-47
2304,-47
2305,-46
2306,-46
2307,-45
2308,-44
2309,-42
2310,-41
2311,-39
2312,-38
2313,-37
2314,-36
2315,-35
2316,-34
2317,-34
2318,-34
2319,-33
2320,-32
2321,-30
2322,-29
2323,-27
2324,-24
2325,-19
2326,-14
2327,-9
2328,-4
2329,0
2330,5
2331,11
2332,16
2333,20
2334,25
2335,28
2336,32
2337,36
2338,41
2339,47
2340,53
2341,60
2342,69
2343,80
2344,86
2345,89
2346,91
2347,92
2348,94
2349,94
2350,95
2351,95
2352,95
2353,95
2354,95
2355,93
2356,91
2357,89
2358,86
2359,82
2360,79
2361,74
2362,69
2363,64
2364,61
2365,57
2366,50
2367,37
2368,29
2369,25
2370,23
2371,21
2372,20
2373,20
2374,22
2375,25
2376,27
2377,29
2378,31
2379,33
2380,34
2381,36
2382,37
2383,38
2384,39
2385,39
2386,39
2387,39
2388,39
2389,38
2390,36
2391,34
2392,33
2393,32
2394,31
2395,30
2396,30
2397,29
2398,28
2399,28
2400,28
2401,28
2402,28
2403,27
2404,26
2405,25
2406,24
2407,23
2408,21
2409,20
2410,19
2411,17
2412,16
2413,15
2414,14
2415,13
2416,11
2417,8
2418,5
2419,2
2420,0
2421,-3
2422,-6
2423,-8
2424,-11
2425,-14
2426,-16
2427,-17
2428,-18
2429,-18
2430,-19
2431,-20
2432,-21
2433,-22
2434,-23
2435,-24
2436,-25
2437,-26
2438,-27
2439,-27
2440,-27
2441,-26
2442,-25
2443,-24
2444,-23
2445,-22
2446,-21
2447,-20
2448,-19
2449,-18
2450,-17
2451,-16
2452,-16
2453,-15
2454,-14
2455,-13
2456,-11
2457,-10
2458,-9
2459,-7
2460,-6
2461,-5
2462,-3
2463,0
2464,1
2465,6
2466,15
2467,22
2468,27
2469,30
2470,34
2471,37
2472,39
2473,42
2474,46
2475,45
2476,35
2477,28
2478,22
2479,17
2480,13
2481,9
2482,6
2483,4
2484,1
2485,0
2486,-2
2487,-4
2488,-5
2489,-5
2490,-4
2491,-2
2492,0
2493,3
2494,7
2495,16
2496,34
2497,65
2498,110
2499,165
2500,229
2501,295
2502,356
2503,392
2504,392
2505,359
2506,264
2507,134
2508,-1
2509,-108
2510,-158
2511,-163
2512,-137
2513,-90
2514,-51
2515,-25
2516,-11
2517,-1
2518,4
2519,10
2520,15
2521,24
2522,37
2523,50
2524,64
2525,73
2526,78
2527,82
2528,83
2529,82
2530,78
2531,74
2532,68
2533,60
2534,48
2535,40
2536,33
2537,27
2538,22
2539,17
2540,12
2541,5
2542,3
2543,5
2544,9
2545,12
2546,16
2547,19
2548,16
2549,11
2550,8
2551,5
2552,3
2553,2
2554,1
2555,2
2556,5
2557,9
2558,14
2559,24
2560,41
2561,50
2562,53
2563,56
2564,59
2565,61
2566,63
2567,65
2568,67
2569,69
2570,70
2571,72
2572,73
2573,75
2574,76
2575,79
2576,82
2577,85
2578,85
2579,84
2580,81
2581,77
2582,72
2583,65
2584,59
2585,55
2586,51
2587,48
2588,44
2589,39
2590,34
2591,27
2592,17
2593,11
2594,5
2595,-1
2596,-7
2597,-11
2598,-12
2599,-14
2600,-16
2601,-18
2602,-19
2603,-21
2604,-23
2605,-25
2606,-27
2607,-29
2608,-32
2609,-35
2610,-38
2611,-41
2612,-45
2613,-49
2614,-53
2615,-56
2616,-59
2617,-62
2618,-64
2619,-65
2620,-65
2621,-64
2622,-61
2623,-57
2624,-53
2625,-48
2626,-38
2627,-34
2628,-32
2629,-31
2630,-30
2631,-29
2632,-28
2633,-28
2634,-27
2635,-27
2636,-26
2637,-25
2638,-25
2639,-25
2640,-25
2641,-25
2642,-25
2643,-25
2644,-26
2645,-26
2646,-27
2647,-27
2648,-27
2649,-26
2650,-26
2651,-26
2652,-26
2653,-26
2654,-26
2655,-26
2656,-26
2657,-27
2658,-27
2659,-28
2660,-28
2661,-29
2662,-29
2663,-29
2664,-29
2665,-28
2666,-28
2667,-28
2668,-27
2669,-27
2670,-27
2671,-26
2672,-26
2673,-26
2674,-26
2675,-26
2676,-25
2677,-25
2678,-24
2679,-24
2680,-23
2681,-21
2682,-20
2683,-19
2684,-18
2685,-17
2686,-10
2687,-2
2688,6
2689,13
2690,17
2691,21
2692,25
2693,25
2694,17
2695,14
2696,12
2697,9
2698,8
2699,7
2700,6
2701,5
2702,4
2703,3
2704,2
2705,1
2706,1
2707,0
2708,0
2709,1
2710,1
2711,1
2712,1
2713,1
2714,1
2715,-1
2716,-1
2717,2
2718,14
2719,38
2720,82
2721,146
2722,224
2723,299
2724,348
2725,351
2726,318
2727,216
2728,79
2729,-62
2730,-172
2731,-220
2732,-222
2733,-184
2734,-127
2735,-73
2736,-51
2737,-48
2738,-45
2739,-42
2740,-41
2741,-39
2742,-38
2743,-36
2744,-34
2745,-32
2746,-31
2747,-30
2748,-29
2749,-28
2750,-27
2751,-21
2752,-8
2753,8
2754,18
2755,22
2756,25
2757,26
2758,22
2759,15
2760,12
2761,10
2762,8
2763,6
2764,3
2765,2
2766,0
2767,0
2768,-1
2769,-1
2770,-2
2771,-2
2772,-2
2773,-3
2774,-3
2775,-3
2776,-4
2777,-5
2778,-3
2779,1
2780,6
2781,10
2782,16
2783,22
2784,30
2785,39
2786,48
2787,55
2788,61
2789,68
2790,74
2791,81
2792,89
2793,96
2794,99
2795,102
2796,104
2797,106
2798,107
2799,107
2800,105
2801,103
2802,99
2803,95
2804,91
2805,84
2806,77
2807,70
2808,62
2809,54
2810,49
2811,44
2812,41
2813,39
2814,37
2815,34
2816,32
2817,30
2818,27
2819,24
2820,17
2821,3
2822,-13
2823,-28
2824,-34
2825,-36
2826,-38
2827,-41
2828,-42
2829,-44
2830,-45
2831,-45
2832,-45
2833,-45
2834,-45
2835,-45
2836,-45
2837,-44
2838,-44
2839,-43
2840,-43
2841,-43
2842,-44
2843,-44
2844,-45
2845,-44
2846,-44
2847,-45
2848,-48
2849,-51
2850,-54
2851,-57
2852,-60
2853,-60
2854,-58
2855,-57
2856,-56
2857,-55
2858,-54
2859,-53
2860,-52
2861,-51
2862,-51
2863,-52
2864,-52
2865,-52
2866,-53
2867,-55
2868,-58
2869,-60
2870,-57
2871,-52
2872,-50
2873,-49
2874,-48
2875,-46
2876,-45
2877,-44
2878,-42
2879,-41
2880,-40
2881,-40
2882,-41
2883,-41
2884,-42
2885,-42
2886,-43
2887,-44
2888,-45
2889,-46
2890,-46
2891,-46
2892,-47
2893,-47
2894,-47
2895,-48
2896,-48
2897,-46
2898,-44
2899,-40
2900,-37
2901,-34
2902,-32
2903,-29
2904,-26
2905,-23
2906,-20
2907,-19
2908,-17
2909,-15
2910,-13
2911,-8
2912,3
2913,11
2914,15
2915,18
2916,20
2917,19
2918,17
2919,14
2920,8
2921,-1
2922,-14
2923,-18
2924,-21
2925,-23
2926,-24
2927,-24
2928,-23
2929,-23
2930,-22
2931,-22
2932,-21
2933,-21
2934,-19
2935,-18
2936,-15
2937,-12
2938,-6
2939,2
2940,17
2941,40
2942,70
2943,105
2944,150
2945,204
2946,263
2947,304
2948,306
2949,274
2950,177
2951,50
2952,-70
2953,-161
2954,-208
2955,-224
2956,-217
2957,-196
2958,-164
2959,-136
2960,-110
2961,-95
2962,-84
2963,-77
2964,-70
2965,-62
2966,-55
2967,-48
2968,-44
2969,-43
2970,-43
2971,-43
2972,-43
2973,-43
2974,-43
2975,-42
2976,-42
2977,-41
2978,-40
2979,-39
2980,-37
2981,-36
2982,-34
2983,-33
2984,-32
2985,-30
2986,-29
2987,-27
2988,-25
2989,-23
2990,-21
2991,-19
2992,-17
2993,-15
2994,-13
2995,-10
2996,-8
2997,-5
2998,-2
2999,0
3000,4
3001,8
3002,11
3003,17
3004,26
3005,34
3006,39
3007,43
3008,46
3009,50
3010,54
3011,58
3012,62
3013,65
3014,69
3015,72
3016,75
3017,79
3018,82
3019,85
3020,87
3021,90
3022,92
3023,94
3024,95
3025,95
3026,94
3027,92
3028,90
3029,86
3030,83
3031,79
3032,74
3033,67
3034,62
3035,56
3036,48
3037,38
3038,29
3039,21
3040,15
3041,10
3042,6
3043,3
3044,0
3045,-1
3046,-3
3047,-5
3048,-7
3049,-9
3050,-12
3051,-15
3052,-17
3053,-20
3054,-22
3055,-25
3056,-28
3057,-30
3058,-31
3059,-31
3060,-30
3061,-28
3062,-27
3063,-25
3064,-24
3065,-22
3066,-21
3067,-19
3068,-17
3069,-16
3070,-15
3071,-14
3072,-14
3073,-14
3074,-15
3075,-16
3076,-17
3077,-18
3078,-20
3079,-23
3080,-23
3081,-19
3082,-15
3083,-11
3084,-8
3085,-9
3086,-10
3087,-11
3088,-12
3089,-13
3090,-14
3091,-14
3092,-13
3093,-10
3094,-8
3095,-6
3096,-3
3097,-1
3098,1
3099,4
3100,5
3101,3
3102,0
3103,-2
3104,-5
3105,-7
3106,-9
3107,-12
3108,-15
3109,-17
3110,-18
3111,-18
3112,-18
3113,-17
3114,-16
3115,-16
3116,-15
3117,-14
3118,-13
3119,-11
3120,-10
3121,-9
3122,-9
3123,-9
3124,-10
3125,-9
3126,-9
3127,-9
3128,-10
3129,-11
3130,-11
3131,-10
3132,-7
3133,-5
3134,-3
3135,-2
3136,-1
3137,0
3138,1
3139,2
3140,2
3141,1
3142,0
3143,-2
3144,-4
3145,-6
3146,-8
3147,-10
3148,-13
3149,-16
3150,-18
3151,-19
3152,-17
3153,-15
3154,-12
3155,-8
3156,-5
3157,-1
3158,3
3159,7
3160,10
3161,15
3162,30
3163,61
3164,104
3165,157
3166,216
3167,268
3168,274
3169,254
3170,166
3171,43
3172,-78
3173,-166
3174,-195
3175,-194
3176,-160
3177,-118
3178,-78
3179,-53
3180,-36
3181,-25
3182,-17
3183,-13
3184,-14
3185,-19
3186,-25
3187,-28
3188,-32
3189,-35
3190,-37
3191,-39
3192,-39
3193,-38
3194,-36
3195,-32
3196,-28
3197,-24
3198,-20
3199,-13
3200,-7
3201,-6
3202,-5
3203,-5
3204,-5
3205,-5
3206,-4
3207,-4
3208,-3
3209,-3
3210,-3
3211,-3
3212,-3
3213,-4
3214,-6
3215,-7
3216,-8
3217,-9
3218,-11
3219,-8
3220,-3
3221,0
3222,4
3223,8
3224,12
3225,18
3226,25
3227,31
3228,37
3229,44
3230,50
3231,56
3232,61
3233,65
3234,69
3235,73
3236,76
3237,78
3238,79
3239,79
3240,79
3241,79
3242,80
3243,81
3244,81
3245,81
3246,80
3247,73
3248,68
3249,65
3250,63
3251,60
3252,57
3253,54
3254,52
3255,50
3256,48
3257,43
3258,38
3259,32
3260,20
3261,11
3262,9
3263,8
3264,7
3265,6
3266,5
3267,3
3268,2
3269,0
3270,-3
3271,-7
3272,-15
3273,-22
3274,-25
3275,-27
3276,-28
3277,-30
3278,-31
3279,-33
3280,-35
3281,-37
3282,-39
3283,-41
3284,-43
3285,-46
3286,-51
3287,-54
3288,-51
3289,-46
3290,-40
3291,-35
3292,-29
3293,-22
3294,-16
3295,-9
3296,-5
3297,-6
3298,-8
3299,-10
3300,-13
3301,-14
3302,-10
3303,-3
3304,1
3305,6
3306,10
3307,12
3308,12
3309,10
3310,7
3311,2
3312,-4
3313,-18
3314,-24
3315,-27
3316,-30
3317,-32
3318,-34
3319,-34
3320,-34
3321,-35
3322,-35
3323,-34
3324,-32
3325,-30
3326,-28
3327,-25
3328,-23
3329,-21
3330,-19
3331,-16
3332,-13
3333,-11
3334,-11
3335,-12
3336,-15
3337,-18
3338,-21
3339,-22
3340,-24
3341,-26
3342,-29
3343,-31
3344,-33
3345,-33
3346,-33
3347,-31
3348,-30
3349,-27
3350,-25
3351,-21
3352,-13
3353,2
3354,10
3355,15
3356,18
3357,19
3358,19
3359,18
3360,16
3361,14
3362,9
3363,2
3364,-3
3365,-7
3366,-9
3367,-11
3368,-12
3369,-14
3370,-15
3371,-16
3372,-16
3373,-17
3374,-17
3375,-17
3376,-17
3377,-18
3378,-20
3379,-11
3380,15
3381,52
3382,101
3383,157
3384,222
3385,293
3386,341
3387,345
3388,314
3389,213
3390,74
3391,-65
3392,-173
3393,-202
3394,-198
3395,-152
3396,-107
3397,-88
3398,-83
3399,-78
3400,-71
3401,-60
3402,-41
3403,-29
3404,-23
3405,-17
3406,-14
3407,-12
3408,-11
3409,-10
3410,-10
3411,-10
3412,-9
3413,-9
3414,-9
3415,-9
3416,-10
3417,-10
3418,-10
3419,-9
3420,-8
3421,-7
3422,-6
3423,-6
3424,-5
3425,-4
3426,-3
3427,-1
3428,0
3429,0
3430,2
3431,5
3432,9
3433,13
3434,17
3435,21
3436,25
3437,29
3438,33
3439,38
3440,42
3441,46
3442,50
3443,52
3444,55
3445,58
3446,60
3447,63
3448,66
3449,68
3450,70
3451,72
3452,75
3453,78
3454,84
3455,87
3456,88
3457,89
3458,90
3459,91
3460,92
3461,92
3462,90
3463,86
3464,83
3465,80
3466,77
3467,73
3468,68
3469,63
3470,55
3471,45
3472,36
3473,28
3474,20
3475,11
3476,7
3477,4
3478,1
3479,0
3480,-3
3481,-5
3482,-7
3483,-10
3484,-12
3485,-16
3486,-22
3487,-28
3488,-34
3489,-39
3490,-44
3491,-47
3492,-44
3493,-38
3494,-35
3495,-34
3496,-32
3497,-30
3498,-28
3499,-27
3500,-26
3501,-24
3502,-22
3503,-21
3504,-19
3505,-18
3506,-17
3507,-17
3508,-17
3509,-16
3510,-15
3511,-13
3512,-11
3513,-9
3514,-8
3515,-8
3516,-9
3517,-11
3518,-12
3519,-13
3520,-15
3521,-17
3522,-19
3523,-20
3524,-20
3525,-18
3526,-16
3527,-14
3528,-13
3529,-12
3530,-11
3531,-9
3532,-7
3533,-6
3534,-6
3535,-8
3536,-9
3537,-11
3538,-12
3539,-13
3540,-14
3541,-15
3542,-17
3543,-18
3544,-19
3545,-19
3546,-20
3547,-20
3548,-21
3549,-22
3550,-24
3551,-25
3552,-26
3553,-27
3554,-28
3555,-29
3556,-30
3557,-32
3558,-33
3559,-35
3560,-38
3561,-40
3562,-43
3563,-45
3564,-45
3565,-45
3566,-42
3567,-39
3568,-35
3569,-31
3570,-27
3571,-22
3572,-17
3573,-13
3574,-11
3575,-9
3576,-7
3577,-5
3578,-3
3579,0
3580,0
3581,-3
3582,-10
3583,-16
3584,-21
3585,-26
3586,-31
3587,-36
3588,-41
3589,-45
3590,-49
3591,-53
3592,-57
3593,-58
3594,-57
3595,-55
3596,-52
3597,-48
3598,-40
3599,-25
3600,-11
3601,2
3602,25
3603,53
3604,92
3605,145
3606,207
3607,268
3608,296
3609,291
3610,237
3611,128
3612,-2
3613,-122
3614,-201
3615,-220
3616,-217
3617,-183
3618,-156
3619,-141
3620,-126
3621,-110
3622,-83
3623,-62
3624,-57
3625,-54
3626,-52
3627,-49
3628,-46
3629,-44
3630,-41
3631,-39
3632,-37
3633,-36
3634,-35
3635,-34
3636,-34
3637,-34
3638,-34
3639,-34
3640,-33
3641,-32
3642,-31
3643,-30
3644,-30
3645,-30
3646,-30
3647,-29
3648,-28
3649,-28
3650,-27
3651,-27
3652,-27
3653,-26
3654,-26
3655,-25
3656,-24
3657,-22
3658,-21
3659,-19
3660,-15
3661,-9
3662,-3
3663,3
3664,7
3665,10
3666,13
3667,15
3668,18
3669,20
3670,22
3671,23
3672,25
3673,27
3674,29
3675,34
3676,41
3677,48
3678,54
3679,59
3680,64
3681,70
3682,75
3683,80
3684,83
3685,79
3686,73
3687,69
3688,65
3689,62
3690,60
3691,57
3692,55
3693,53
3694,51
3695,49
3696,46
3697,42
3698,37
3699,31
3700,21
3701,9
3702,4
3703,2
3704,0
3705,-1
3706,-2
3707,-4
3708,-5
3709,-7
3710,-9
3711,-11
3712,-13
3713,-18
3714,-25
3715,-27
3716,-28
3717,-29
3718,-31
3719,-32
3720,-29
3721,-28
3722,-28
3723,-28
3724,-28
3725,-29
3726,-29
3727,-28
3728,-27
3729,-26
3730,-25
3731,-24
3732,-22
3733,-21
3734,-19
3735,-18
3736,-16
3737,-15
3738,-13
3739,-12
3740,-11
3741,-9
3742,-8
3743,-5
3744,-3
3745,-1
3746,0
3747,2
3748,4
3749,5
3750,6
3751,6
3752,6
3753,5
3754,4
3755,2
3756,1
3757,0
3758,-2
3759,-4
3760,-6
3761,-8
3762,-9
3763,-11
3764,-12
3765,-13
3766,-15
3767,-16
3768,-18
3769,-20
3770,-22
3771,-24
3772,-25
3773,-26
3774,-27
3775,-27
3776,-27
3777,-27
3778,-27
3779,-26
3780,-26
3781,-25
3782,-25
3783,-24
3784,-24
3785,-24
3786,-24
3787,-25
3788,-24
3789,-24
3790,-22
3791,-20
3792,-18
3793,-15
3794,-11
3795,-6
3796,-1
3797,4
3798,9
3799,14
3800,19
3801,23
3802,23
3803,19
3804,13
3805,8
3806,3
3807,-1
3808,-5
3809,-7
3810,-10
3811,-12
3812,-15
3813,-18
3814,-19
3815,-19
3816,-19
3817,-18
3818,-17
3819,-16
3820,-15
3821,-14
3822,-12
3823,-9
3824,-7
3825,-3
3826,2
3827,22
3828,53
3829,97
3830,158
3831,228
3832,294
3833,327
3834,326
3835,283
3836,189
3837,69
3838,-48
3839,-140
3840,-179
3841,-192
3842,-181
3843,-150
3844,-118
3845,-90
3846,-66
3847,-48
3848,-39
3849,-35
3850,-32
3851,-30
3852,-28
3853,-26
3854,-25
3855,-24
3856,-23
3857,-22
3858,-21
3859,-19
3860,-18
3861,-17
3862,-17
3863,-18
3864,-18
3865,-17
3866,-16
3867,-16
3868,-14
3869,-13
3870,-10
3871,-8
3872,-8
3873,-8
3874,-9
3875,-11
3876,-13
3877,-15
3878,-17
3879,-19
3880,-20
3881,-18
3882,-14
3883,-9
3884,-4
3885,0
3886,3
3887,8
3888,12
3889,16
3890,22
3891,30
3892,41
3893,48
3894,52
3895,54
3896,56
3897,57
3898,58
3899,60
3900,63
3901,66
3902,70
3903,73
3904,76
3905,79
3906,83
3907,87
3908,91
3909,93
3910,93
3911,91
3912,88
3913,85
3914,82
3915,78
3916,73
3917,67
3918,61
3919,56
3920,48
3921,40
3922,34
3923,29
3924,26
3925,23
3926,19
3927,15
3928,11
3929,6
3930,2
3931,-2
3932,-7
3933,-11
3934,-14
3935,-18
3936,-21
3937,-24
3938,-27
3939,-29
3940,-31
3941,-32
3942,-32
3943,-33
3944,-34
3945,-35
3946,-36
3947,-37
3948,-37
3949,-37
3950,-37
3951,-37
3952,-36
3953,-35
3954,-33
3955,-31
3956,-28
3957,-26
3958,-25
3959,-23
3960,-21
3961,-19
3962,-17
3963,-15
3964,-14
3965,-13
3966,-12
3967,-11
3968,-11
3969,-10
3970,-10
3971,-9
3972,-9
3973,-8
3974,-7
3975,-6
3976,-5
3977,-4
3978,-2
3979,-1
3980,-1
3981,0
3982,0
3983,0
3984,1
3985,2
3986,5
3987,6
3988,6
3989,1
3990,-3
3991,-6
3992,-9
3993,-12
3994,-15
3995,-16
3996,-15
3997,-12
3998,-9
3999,-7
4000,-5
4001,-4
4002,-3
4003,-2
4004,0
4005,0
4006,2
4007,3
4008,4
4009,6
4010,7
4011,9
4012,10
4013,11
4014,12
4015,13
4016,14
4017,16
4018,19
4019,22
4020,26
4021,29
4022,31
4023,33
4024,34
4025,35
4026,36
4027,37
4028,38
4029,38
4030,39
4031,39
4032,40
4033,40
4034,40
4035,39
4036,39
4037,38
4038,36
4039,34
4040,32
4041,29
4042,27
4043,24
4044,23
4045,20
4046,17
4047,13
4048,11
4049,10
4050,10
4051,11
4052,13
4053,16
4054,19
4055,33
4056,60
4057,99
4058,149
4059,210
4060,275
4061,336
4062,380
4063,384
4064,361
4065,279
4066,163
4067,30
4068,-87
4069,-166
4070,-182
4071,-177
4072,-137
4073,-89
4074,-47
4075,-30
4076,-25
4077,-21
4078,-16
4079,-10
4080,1
4081,15
4082,20
4083,21
4084,21
4085,22
4086,23
4087,23
4088,24
4089,24
4090,25
4091,25
4092,24
4093,24
4094,24
4095,23
4096,23
4097,23
4098,23
4099,23
4100,24
4101,24
4102,25
4103,25
4104,25
4105,25
4106,25
4107,26
4108,26
4109,27
4110,27
4111,28
4112,29
4113,30
4114,32
4115,34
4116,35
4117,37
4118,40
4119,51
4120,63
4121,76
4122,87
4123,89
4124,90
4125,90
4126,91
4127,92
4128,93
4129,93
4130,93
4131,94
4132,95
4133,95
4134,96
4135,96
4136,96
4137,95
4138,95
4139,94
4140,94
4141,93
4142,92
4143,92
4144,91
4145,90
4146,88
4147,87
4148,83
4149,75
4150,67
4151,57
4152,44
4153,33
4154,27
4155,20
4156,13
4157,8
4158,4
4159,2
4160,0
4161,-2
4162,-5
4163,-7
4164,-9
4165,-11
4166,-13
4167,-15
4168,-17
4169,-19
4170,-21
4171,-23
4172,-24
4173,-26
4174,-27
4175,-28
4176,-29
4177,-30
4178,-31
4179,-32
4180,-33
4181,-34
4182,-35
4183,-36
4184,-37
4185,-38
4186,-39
4187,-40
4188,-41
4189,-43
4190,-45
4191,-47
4192,-54
4193,-68
4194,-80
4195,-92
4196,-101
4197,-106
4198,-112
4199,-118
4200,-124
4201,-131
4202,-137
4203,-141
4204,-144
4205,-147
4206,-148
4207,-147
4208,-143
4209,-138
4210,-135
4211,-130
4212,-126
4213,-123
4214,-123
4215,-123
4216,-124
4217,-125
4218,-126
4219,-127
4220,-129
4221,-130
4222,-131
4223,-130
4224,-128
4225,-126
4226,-124
4227,-123
4228,-121
4229,-119
4230,-117
4231,-114
4232,-112
4233,-109
4234,-107
4235,-104
4236,-99
4237,-94
4238,-89
4239,-82
4240,-77
4241,-73
4242,-69
4243,-65
4244,-61
4245,-58
4246,-56
4247,-54
4248,-52
4249,-49
4250,-47
4251,-45
4252,-44
4253,-42
4254,-40
4255,-39
4256,-37
4257,-35
4258,-32
4259,-29
4260,-26
4261,-23
4262,-22
4263,-21
4264,-21
4265,-21
4266,-21
4267,-21
4268,-22
4269,-22
4270,-23
4271,-24
4272,-24
4273,-25
4274,-25
4275,-25
4276,-25
4277,-24
4278,-23
4279,-21
4280,-19
4281,-17
4282,-15
4283,-11
4284,0
4285,24
4286,62
4287,113
4288,176
4289,246
4290,306
4291,332
4292,326
4293,265
4294,152
4295,17
4296,-106
4297,-199
4298,-230
4299,-231
4300,-205
4301,-163
4302,-126
4303,-94
4304,-75
4305,-60
4306,-50
4307,-46
4308,-44
4309,-43
4310,-41
4311,-40
4312,-37
4313,-33
4314,-28
4315,-22
4316,-13
4317,-4
4318,0
4319,1
4320,2
4321,3
4322,4
4323,5
4324,5
4325,6
4326,7
4327,7
4328,8
4329,9
4330,10
4331,11
4332,12
4333,12
4334,13
4335,13
4336,13
4337,13
4338,14
4339,15
4340,16
4341,17
4342,18
4343,20
4344,22
4345,25
4346,27
4347,30
4348,32
4349,34
4350,38
4351,43
4352,52
4353,63
4354,75
4355,86
4356,94
4357,99
4358,102
4359,105
4360,107
4361,108
4362,109
4363,109
4364,110
4365,110
4366,110
4367,111
4368,111
4369,112
4370,111
4371,109
4372,106
4373,103
4374,97
4375,85
4376,77
4377,73
4378,68
4379,62
4380,57
4381,53
4382,50
4383,48
4384,46
4385,42
4386,39
4387,35
4388,32
4389,30
4390,27
4391,24
4392,20
4393,16
4394,14
4395,14
4396,15
4397,16
4398,16
4399,15
4400,15
4401,16
4402,17
4403,17
4404,18
4405,18
4406,19
4407,20
4408,22
4409,24
4410,26
4411,27
4412,28
4413,29
4414,31
4415,32
4416,34
4417,35
4418,35
4419,34
4420,33
4421,31
4422,29
4423,28
4424,26
4425,24
4426,23
4427,21
4428,20
4429,18
4430,18
4431,17
4432,17
4433,18
4434,18
4435,18
4436,19
4437,19
4438,19
4439,19
4440,18
4441,17
4442,21
4443,26
4444,29
4445,31
4446,31
4447,27
4448,23
4449,19
4450,16
4451,13
4452,10
4453,8
4454,6
4455,4
4456,1
4457,0
4458,-2
4459,-3
4460,-3
4461,-3
4462,-2
4463,-1
4464,0
4465,0
4466,3
4467,5
4468,5
4469,4
4470,1
4471,0
4472,-3
4473,-5
4474,-1
4475,6
4476,18
4477,34
4478,41
4479,45
4480,49
4481,50
4482,50
4483,48
4484,44
4485,38
4486,27
4487,11
4488,2
4489,-2
4490,-8
4491,-15
4492,-21
4493,-28
4494,-32
4495,-29
4496,-23
4497,-19
4498,-16
4499,-13
4500,-11
4501,-9
4502,-7
4503,-6
4504,-5
4505,-4
4506,-3
4507,-1
4508,4
4509,27
4510,63
4511,112
4512,172
4513,235
4514,285
4515,292
4516,275
4517,197
4518,83
4519,-43
4520,-153
4521,-209
4522,-228
4523,-221
4524,-202
4525,-177
4526,-154
4527,-140
4528,-125
4529,-107
4530,-87
4531,-72
4532,-68
4533,-65
4534,-63
4535,-62
4536,-61
4537,-59
4538,-56
4539,-54
4540,-50
4541,-46
4542,-42
4543,-39
4544,-34
4545,-30
4546,-26
4547,-25
4548,-24
4549,-23
4550,-22
4551,-21
4552,-21
4553,-20
4554,-19
4555,-20
4556,-23
4557,-27
4558,-30
4559,-35
4560,-40
4561,-45
4562,-49
4563,-53
4564,-56
4565,-58
4566,-58
4567,-56
4568,-52
4569,-47
4570,-38
4571,-23
4572,-7
4573,7
4574,18
4575,25
4576,31
4577,38
4578,45
4579,53
4580,60
4581,64
4582,66
4583,69
4584,71
4585,72
4586,72
4587,71
4588,70
4589,68
4590,67
4591,66
4592,64
4593,63
4594,61
4595,59
4596,56
4597,53
4598,49
4599,44
4600,37
4601,29
4602,22
4603,11
4604,-5
4605,-16
4606,-22
4607,-26
4608,-30
4609,-33
4610,-36
4611,-38
4612,-40
4613,-42
4614,-45
4615,-47
4616,-48
4617,-49
4618,-50
4619,-50
4620,-50
4621,-50
4622,-51
4623,-52
4624,-52
4625,-52
4626,-53
4627,-54
4628,-55
4629,-56
4630,-56
4631,-53
4632,-49
4633,-46
4634,-43
4635,-41
4636,-38
4637,-36
4638,-33
4639,-31
4640,-28
4641,-25
4642,-23
4643,-21
4644,-19
4645,-16
4646,-14
4647,-12
4648,-9
4649,-7
4650,-5
4651,-3
4652,-1
4653,0
4654,2
4655,3
4656,5
4657,6
4658,8
4659,10
4660,11
4661,13
4662,14
4663,14
4664,13
4665,12
4666,10
4667,8
4668,5
4669,2
4670,0
4671,-4
4672,-11
4673,-17
4674,-19
4675,-21
4676,-23
4677,-24
4678,-25
4679,-25
4680,-26
4681,-27
4682,-28
4683,-28
4684,-28
4685,-27
4686,-25
4687,-24
4688,-23
4689,-21
4690,-20
4691,-18
4692,-15
4693,-9
4694,-4
4695,0
4696,3
4697,6
4698,9
4699,10
4700,10
4701,8
4702,5
4703,2
4704,-2
4705,-10
4706,-28
4707,-42
4708,-51
4709,-56
4710,-60
4711,-62
4712,-64
4713,-65
4714,-67
4715,-69
4716,-70
4717,-69
4718,-68
4719,-65
4720,-61
4721,-57
4722,-52
4723,-46
4724,-39
4725,-27
4726,-11
4727,16
4728,58
4729,115
4730,185
4731,256
4732,293
4733,290
4734,233
4735,117
4736,-27
4737,-167
4738,-263
4739,-293
4740,-291
4741,-252
4742,-201
4743,-160
4744,-131
4745,-115
4746,-97
4747,-81
4748,-74
4749,-70
4750,-68
4751,-65
4752,-64
4753,-63
4754,-61
4755,-60
4756,-58
4757,-57
4758,-56
4759,-56
4760,-55
4761,-55
4762,-54
4763,-53
4764,-52
4765,-51
4766,-50
4767,-49
4768,-48
4769,-47
4770,-45
4771,-44
4772,-44
4773,-43
4774,-43
4775,-42
4776,-42
4777,-41
4778,-40
4779,-39
4780,-38
4781,-37
4782,-34
4783,-31
4784,-28
4785,-24
4786,-18
4787,-6
4788,1
4789,5
4790,9
4791,11
4792,13
4793,15
4794,17
4795,20
4796,23
4797,26
4798,32
4799,40
4800,48
4801,53
4802,58
4803,61
4804,63
4805,64
4806,65
4807,66
4808,66
4809,67
4810,69
4811,69
4812,69
4813,66
4814,62
4815,56
4816,49
4817,40
4818,33
4819,26
4820,19
4821,10
4822,0
4823,-10
4824,-20
4825,-31
4826,-38
4827,-41
4828,-44
4829,-47
4830,-49
4831,-50
4832,-52
4833,-53
4834,-54
4835,-55
4836,-56
4837,-57
4838,-58
4839,-59
4840,-60
4841,-61
4842,-61
4843,-62
4844,-62
4845,-62
4846,-62
4847,-61
4848,-59
4849,-57
4850,-55
4851,-53
4852,-51
4853,-49
4854,-47
4855,-45
4856,-43
4857,-40
4858,-37
4859,-35
4860,-32
4861,-29
4862,-27
4863,-25
4864,-23
4865,-23
4866,-22
4867,-22
4868,-22
4869,-22
4870,-22
4871,-22
4872,-22
4873,-22
4874,-20
4875,-19
4876,-18
4877,-18
4878,-18
4879,-18
4880,-19
4881,-19
4882,-19
4883,-19
4884,-19
4885,-19
4886,-19
4887,-19
4888,-18
4889,-17
4890,-16
4891,-15
4892,-14
4893,-13
4894,-12
4895,-12
4896,-12
4897,-11
4898,-11
4899,-10
4900,-9
4901,-7
4902,-6
4903,-3
4904,-1
4905,0
4906,2
4907,4
4908,5
4909,7
4910,8
4911,9
4912,10
4913,11
4914,13
4915,14
4916,16
4917,17
4918,19
4919,21
4920,22
4921,23
4922,22
4923,21
4924,18
4925,16
4926,13
4927,9
4928,6
4929,3
4930,0
4931,-2
4932,-5
4933,-7
4934,-9
4935,-10
4936,-10
4937,-10
4938,-8
4939,-5
4940,-2
4941,2
4942,20
4943,48
4944,84
4945,128
4946,183
4947,250
4948,318
4949,366
4950,367
4951,326
4952,212
4953,62
4954,-84
4955,-197
4956,-231
4957,-227
4958,-174
4959,-110
4960,-70
4961,-58
4962,-51
4963,-45
4964,-41
4965,-37
4966,-34
4967,-31
4968,-27
4969,-24
4970,-21
4971,-16
4972,-12
4973,-9
4974,-7
4975,-4
4976,-2
4977,-1
4978,0
4979,1
4980,2
4981,3
4982,4
4983,5
4984,6
4985,7
4986,9
4987,10
4988,10
4989,11
4990,11
4991,12
4992,12
4993,13
4994,14
4995,15
4996,16
4997,18
4998,19
4999,21
5000,23
5001,24
5002,26
5003,28
5004,29
5005,31
5006,33
5007,35
5008,37
5009,38
5010,41
5011,44
5012,49
5013,53
5014,57
5015,62
5016,68
5017,77
5018,86
5019,94
5020,101
5021,107
5022,111
5023,115
5024,118
5025,121
5026,120
5027,116
5028,110
5029,105
5030,100
5031,94
5032,88
5033,82
5034,74
5035,64
5036,56
5037,49
5038,42
5039,35
5040,26
5041,13
5042,5
5043,1
5044,0
5045,-3
5046,-5
5047,-8
5048,-11
5049,-13
5050,-16
5051,-18
5052,-20
5053,-21
5054,-23
5055,-25
5056,-26
5057,-27
5058,-28
5059,-28
5060,-29
5061,-29
5062,-28
5063,-28
5064,-28
5065,-27
5066,-26
5067,-26
5068,-25
5069,-25
5070,-24
5071,-23
5072,-23
5073,-23
5074,-22
5075,-22
5076,-22
5077,-22
5078,-22
5079,-21
5080,-21
5081,-22
5082,-22
5083,-22
5084,-23
5085,-23
5086,-24
5087,-25
5088,-25
5089,-26
5090,-27
5091,-28
5092,-28
5093,-29
5094,-29
5095,-29
5096,-30
5097,-32
5098,-34
5099,-35
5100,-33
5101,-30
5102,-26
5103,-23
5104,-21
5105,-20
5106,-18
5107,-16
5108,-14
5109,-13
5110,-12
5111,-11
5112,-10
5113,-9
5114,-7
5115,-6
5116,-6
5117,-6
5118,-6
5119,-5
5120,-4
5121,-2
5122,0
5123,1
5124,7
5125,20
5126,27
5127,31
5128,34
5129,36
5130,37
5131,35
5132,33
5133,30
5134,27
5135,25
5136,23
5137,21
5138,19
5139,18
5140,16
5141,15
5142,14
5143,13
5144,12
5145,11
5146,10
5147,10
5148,9
5149,9
5150,8
5151,6
5152,5
5153,7
5154,14
5155,35
5156,58
5157,94
5158,144
5159,210
5160,283
5161,347
5162,374
5163,366
5164,301
5165,173
5166,16
5167,-130
5168,-229
5169,-254
5170,-216
5171,-148
5172,-84
5173,-41
5174,-26
5175,-19
5176,-15
5177,-9
5178,-2
5179,2
5180,6
5181,10
5182,12
5183,12
5184,11
5185,9
5186,7
5187,4
5188,3
5189,1
5190,0
5191,-3
5192,-4
5193,-4
5194,-3
5195,-1
5196,0
5197,2
5198,3
5199,5
5200,8
5201,10
5202,11
5203,11
5204,9
5205,8
5206,7
5207,5
5208,3
5209,-1
5210,2
5211,6
5212,8
5213,10
5214,14
5215,17
5216,22
5217,30
5218,39
5219,43
5220,45
5221,47
5222,48
5223,49
5224,49
5225,50
5226,51
5227,53
5228,55
5229,60
5230,66
5231,71
5232,77
5233,82
5234,86
5235,89
5236,94
5237,101
5238,107
5239,110
5240,101
5241,92
5242,86
5243,81
5244,78
5245,74
5246,68
5247,56
5248,44
5249,35
5250,29
5251,24
5252,19
5253,13
5254,2
5255,-4
5256,-10
5257,-15
5258,-19
5259,-22
5260,-25
5261,-28
5262,-31
5263,-33
5264,-35
5265,-37
5266,-39
5267,-41
5268,-43
5269,-44
5270,-46
5271,-48
5272,-50
5273,-51
5274,-51
5275,-50
5276,-48
5277,-45
5278,-42
5279,-38
5280,-33
5281,-29
5282,-25
5283,-23
5284,-22
5285,-20
5286,-19
5287,-18
5288,-18
5289,-17
5290,-16
5291,-15
5292,-14
5293,-13
5294,-13
5295,-12
5296,-12
5297,-11
5298,-8
5299,-3
5300,-3
5301,-11
5302,-15
5303,-18
5304,-21
5305,-23
5306,-24
5307,-23
5308,-22
5309,-21
5310,-20
5311,-20
5312,-19
5313,-17
5314,-16
5315,-14
5316,-15
5317,-18
5318,-22
5319,-26
5320,-28
5321,-30
5322,-32
5323,-35
5324,-37
5325,-40
5326,-41
5327,-42
5328,-42
5329,-41
5330,-41
5331,-39
5332,-37
5333,-35
5334,-32
5335,-28
5336,-25
5337,-21
5338,-13
5339,-8
5340,-7
5341,-6
5342,-6
5343,-5
5344,-4
5345,-4
5346,-4
5347,-7
5348,-12
5349,-16
5350,-20
5351,-24
5352,-28
5353,-31
5354,-33
5355,-34
5356,-34
5357,-33
5358,-31
5359,-28
5360,-26
5361,-22
5362,-16
5363,-10
5364,-4
5365,12
5366,40
5367,79
5368,131
5369,191
5370,254
5371,306
5372,328
5373,300
5374,212
5375,73
5376,-82
5377,-208
5378,-254
5379,-254
5380,-205
5381,-140
5382,-90
5383,-76
5384,-71
5385,-66
5386,-60
5387,-55
5388,-49
5389,-46
5390,-46
5391,-48
5392,-50
5393,-52
5394,-51
5395,-44
5396,-33
5397,-19
5398,-11
5399,-8
5400,-6
5401,-5
5402,-4
5403,-4
5404,-4
5405,-5
5406,-8
5407,-11
5408,-14
5409,-16
5410,-19
5411,-22
5412,-25
5413,-27
5414,-27
5415,-26
5416,-23
5417,-19
5418,-16
5419,-13
5420,-8
5421,-4
5422,0
5423,1
5424,4
5425,6
5426,10
5427,15
5428,22
5429,27
5430,31
5431,35
5432,40
5433,46
5434,53
5435,63
5436,73
5437,80
5438,86
5439,90
5440,90
5441,91
5442,91
5443,91
5444,92
5445,92
5446,92
5447,92
5448,92
5449,92
5450,92
5451,90
5452,88
5453,85
5454,81
5455,76
5456,66
5457,61
5458,57
5459,54
5460,51
5461,46
5462,39
5463,29
5464,18
5465,12
5466,8
5467,5
5468,1
5469,-4
5470,-11
5471,-14
5472,-16
5473,-18
5474,-20
5475,-22
5476,-23
5477,-24
5478,-25
5479,-26
5480,-27
5481,-28
5482,-28
5483,-29
5484,-29
5485,-30
5486,-30
5487,-30
5488,-31
5489,-31
5490,-32
5491,-32
5492,-33
5493,-33
5494,-33
5495,-33
5496,-32
5497,-32
5498,-32
5499,-32
5500,-31
5501,-31
5502,-30
5503,-31
5504,-31
5505,-32
5506,-32
5507,-32
5508,-32
5509,-33
5510,-33
5511,-34
5512,-35
5513,-35
5514,-35
5515,-36
5516,-37
5517,-39
5518,-42
5519,-43
5520,-44
5521,-42
5522,-40
5523,-38
5524,-38
5525,-37
5526,-37
5527,-36
5528,-34
5529,-33
5530,-32
5531,-31
5532,-30
5533,-28
5534,-27
5535,-25
5536,-24
5537,-23
5538,-22
5539,-21
5540,-20
5541,-18
5542,-15
5543,-13
5544,-11
5545,-10
5546,-11
5547,-12
5548,-14
5549,-16
5550,-18
5551,-21
5552,-23
5553,-26
5554,-28
5555,-29
5556,-31
5557,-32
5558,-34
5559,-35
5560,-37
5561,-39
5562,-41
5563,-43
5564,-44
5565,-43
5566,-40
5567,-35
5568,-28
5569,-16
5570,1
5571,29
5572,69
5573,123
5574,188
5575,253
5576,300
5577,304
5578,277
5579,189
5580,66
5581,-61
5582,-161
5583,-207
5584,-213
5585,-196
5586,-163
5587,-129
5588,-100
5589,-82
5590,-68
5591,-61
5592,-54
5593,-49
5594,-43
5595,-35
5596,-25
5597,-21
5598,-20
5599,-20
5600,-20
5601,-20
5602,-20
5603,-20
5604,-20
5605,-20
5606,-20
5607,-21
5608,-21
5609,-21
5610,-20
5611,-20
5612,-20
5613,-19
5614,-17
5615,-15
5616,-13
5617,-12
5618,-10
5619,-9
5620,-8
5621,-7
5622,-5
5623,-3
5624,-1
5625,0
5626,2
5627,5
5628,8
5629,11
5630,14
5631,16
5632,17
5633,18
5634,20
5635,21
5636,24
5637,26
5638,33
5639,46
5640,54
5641,58
5642,62
5643,68
5644,74
5645,86
5646,95
5647,97
5648,98
5649,99
5650,100
5651,100
5652,99
5653,96
5654,92
5655,89
5656,85
5657,81
5658,76
5659,72
5660,69
5661,65
5662,58
5663,46
5664,33
5665,21
5666,11
5667,4
5668,-3
5669,-11
5670,-18
5671,-24
5672,-27
5673,-28
5674,-29
5675,-30
5676,-31
5677,-32
5678,-33
5679,-34
5680,-36
5681,-37
5682,-38
5683,-39
5684,-40
5685,-41
5686,-42
5687,-43
5688,-44
5689,-46
5690,-48
5691,-50
5692,-50
5693,-48
5694,-45
5695,-42
5696,-39
5697,-36
5698,-33
5699,-30
5700,-26
5701,-24
5702,-22
5703,-20
5704,-19
5705,-17
5706,-15
5707,-13
5708,-10
5709,-8
5710,-6
5711,-3
5712,-1
5713,1
5714,4
5715,7
5716,13
5717,16
5718,17
5719,18
5720,19
5721,20
5722,21
5723,18
5724,11
5725,3
5726,-4
5727,-7
5728,-9
5729,-11
5730,-13
5731,-14
5732,-12
5733,-10
5734,-8
5735,-6
5736,-5
5737,-4
5738,-3
5739,-1
5740,1
5741,4
5742,6
5743,8
5744,10
5745,12
5746,15
5747,18
5748,19
5749,19
5750,19
5751,17
5752,16
5753,16
5754,15
5755,13
5756,12
5757,9
5758,7
5759,5
5760,2
5761,0
5762,-1
5763,-2
5764,-4
5765,-6
5766,-8
5767,-9
5768,-10
5769,-11
5770,-11
5771,-12
5772,-12
5773,-11
5774,-10
5775,-9
5776,-7
5777,-4
5778,0
5779,3
5780,24
5781,70
5782,132
5783,207
5784,284
5785,345
5786,372
5787,348
5788,269
5789,150
5790,10
5791,-112
5792,-191
5793,-216
5794,-217
5795,-195
5796,-165
5797,-136
5798,-105
5799,-72
5800,-45
5801,-35
5802,-32
5803,-31
5804,-30
5805,-29
5806,-28
5807,-27
5808,-25
5809,-24
5810,-23
5811,-22
5812,-21
5813,-19
5814,-18
5815,-18
5816,-17
5817,-18
5818,-18
5819,-18
5820,-19
5821,-20
5822,-22
5823,-25
5824,-18
5825,-14
5826,-11
5827,-9
5828,-7
5829,-6
5830,-4
5831,-2
5832,0
5833,3
5834,6
5835,9
5836,13
5837,20
5838,26
5839,30
5840,34
5841,39
5842,45
5843,53
5844,58
5845,62
5846,66
5847,70
5848,75
5849,79
5850,83
5851,87
5852,91
5853,95
5854,97
5855,98
5856,99
5857,101
5858,105
5859,105
5860,99
5861,95
5862,91
5863,88
5864,84
5865,81
5866,78
5867,75
5868,72
5869,69
5870,65
5871,62
5872,59
5873,54
5874,47
5875,37
5876,31
5877,24
5878,18
5879,9
5880,0
5881,-9
5882,-19
5883,-22
5884,-24
5885,-26
5886,-27
5887,-29
5888,-29
5889,-30
5890,-30
5891,-30
5892,-31
5893,-31
5894,-31
5895,-31
5896,-30
5897,-30
5898,-30
5899,-29
5900,-29
5901,-29
5902,-28
5903,-28
5904,-29
5905,-29
5906,-29
5907,-29
5908,-29
5909,-29
5910,-29
5911,-30
5912,-30
5913,-30
5914,-30
5915,-31
5916,-31
5917,-32
5918,-32
5919,-33
5920,-34
5921,-35
5922,-35
5923,-35
5924,-36
5925,-36
5926,-37
5927,-37
5928,-37
5929,-37
5930,-38
5931,-38
5932,-38
5933,-38
5934,-38
5935,-38
5936,-38
5937,-37
5938,-36
5939,-34
5940,-33
5941,-31
5942,-29
5943,-26
5944,-23
5945,-21
5946,-20
5947,-20
5948,-21
5949,-22
5950,-23
5951,-25
5952,-27
5953,-29
5954,-26
5955,-18
5956,-14
5957,-10
5958,-7
5959,-5
5960,-3
5961,-1
5962,-1
5963,0
5964,0
5965,0
5966,0
5967,0
5968,0
5969,0
5970,-1
5971,-9
5972,-14
5973,-17
5974,-20
5975,-23
5976,-25
5977,-26
5978,-27
5979,-28
5980,-28
5981,-29
5982,-28
5983,-28
5984,-27
5985,-26
5986,-24
5987,-22
5988,-19
5989,-7
5990,17
5991,52
5992,96
5993,149
5994,209
5995,270
5996,320
5997,343
5998,321
5999,249
6000,138
6001,9
6002,-107
6003,-189
6004,-216
6005,-216
6006,-185
6007,-148
6008,-114
6009,-85
6010,-59
6011,-41
6012,-34
6013,-32
6014,-32
6015,-34
6016,-36
6017,-38
6018,-37
6019,-30
6020,-24
6021,-18
6022,-15
6023,-15
6024,-16
6025,-16
6026,-17
6027,-16
6028,-16
6029,-16
6030,-17
6031,-17
6032,-17
6033,-17
6034,-18
6035,-18
6036,-19
6037,-20
6038,-21
6039,-21
6040,-22
6041,-22
6042,-23
6043,-23
6044,-23
6045,-21
6046,-17
6047,-12
6048,-3
6049,11
6050,19
6051,22
6052,25
6053,27
6054,29
6055,31
6056,33
6057,35
6058,37
6059,39
6060,41
6061,45
6062,53
6063,61
6064,73
6065,83
6066,87
6067,90
6068,93
6069,94
6070,95
6071,94
6072,93
6073,91
6074,89
6075,88
6076,86
6077,84
6078,81
6079,78
6080,75
6081,71
6082,67
6083,61
6084,55
6085,50
6086,41
6087,26
6088,13
6089,6
6090,1
6091,-4
6092,-8
6093,-11
6094,-14
6095,-17
6096,-19
6097,-21
6098,-23
6099,-24
6100,-25
6101,-26
6102,-26
6103,-27
6104,-28
6105,-29
6106,-29
6107,-30
6108,-31
6109,-32
6110,-33
6111,-34
6112,-34
6113,-34
6114,-35
6115,-35
6116,-36
6117,-37
6118,-38
6119,-38
6120,-40
6121,-42
6122,-44
6123,-46
6124,-47
6125,-48
6126,-48
6127,-50
6128,-53
6129,-45
6130,-36
6131,-30
6132,-23
6133,-18
6134,-10
6135,1
6136,13
6137,20
6138,20
6139,14
6140,10
6141,6
6142,3
6143,-1
6144,-5
6145,-9
6146,-13
6147,-16
6148,-20
6149,-23
6150,-25
6151,-26
6152,-26
6153,-28
6154,-31
6155,-30
6156,-23
6157,-20
6158,-19
6159,-17
6160,-16
6161,-15
6162,-15
6163,-14
6164,-14
6165,-12
6166,-10
6167,-9
6168,-8
6169,-7
6170,-6
6171,-5
6172,-4
6173,-3
6174,-2
6175,-1
6176,0
6177,1
6178,4
6179,7
6180,9
6181,9
6182,6
6183,2
6184,-1
6185,-6
6186,-12
6187,-21
6188,-28
6189,-31
6190,-33
6191,-36
6192,-39
6193,-38
6194,-29
6195,-23
6196,-20
6197,-17
6198,-14
6199,-11
6200,-8
6201,-6
6202,-3
6203,0
6204,4
6205,26
6206,71
6207,130
6208,198
6209,264
6210,319
6211,343
6212,317
6213,233
6214,106
6215,-38
6216,-160
6217,-226
6218,-233
6219,-207
6220,-149
6221,-96
6222,-75
6223,-69
6224,-66
6225,-63
6226,-60
6227,-57
6228,-54
6229,-52
6230,-49
6231,-48
6232,-46
6233,-44
6234,-43
6235,-41
6236,-39
6237,-36
6238,-34
6239,-31
6240,-29
6241,-27
6242,-26
6243,-24
6244,-23
6245,-21
6246,-20
6247,-18
6248,-17
6249,-16
6250,-14
6251,-12
6252,-10
6253,-9
6254,-8
6255,-8
6256,-9
6257,-9
6258,-11
6259,-12
6260,-14
6261,-14
6262,-7
6263,-1
6264,6
6265,12
6266,18
6267,22
6268,27
6269,32
6270,38
6271,44
6272,48
6273,51
6274,55
6275,59
6276,64
6277,68
6278,71
6279,73
6280,75
6281,77
6282,79
6283,81
6284,82
6285,83
6286,83
6287,84
6288,84
6289,83
6290,82
6291,81
6292,79
6293,76
6294,73
6295,70
6296,63
6297,48
6298,38
6299,32
6300,24
6301,14
6302,7
6303,2
6304,-2
6305,-7
6306,-12
6307,-15
6308,-19
6309,-22
6310,-27
6311,-31
6312,-33
6313,-33
6314,-34
6315,-34
6316,-33
6317,-34
6318,-34
6319,-34
6320,-35
6321,-35
6322,-34
6323,-34
6324,-34
6325,-34
6326,-34
6327,-34
6328,-34
6329,-34
6330,-33
6331,-33
6332,-32
6333,-32
6334,-32
6335,-31
6336,-30
6337,-28
6338,-26
6339,-25
6340,-24
6341,-23
6342,-20
6343,-16
6344,-14
6345,-13
6346,-13
6347,-13
6348,-12
6349,-11
6350,-10
6351,-9
6352,-9
6353,-9
6354,-9
6355,-9
6356,-9
6357,-8
6358,-8
6359,-9
6360,-10
6361,-10
6362,-11
6363,-11
6364,-11
6365,-11
6366,-12
6367,-13
6368,-14
6369,-14
6370,-15
6371,-15
6372,-16
6373,-17
6374,-17
6375,-18
6376,-19
6377,-20
6378,-19
6379,-16
6380,-11
6381,-4
6382,2
6383,13
6384,19
6385,23
6386,26
6387,30
6388,33
6389,33
6390,30
6391,25
6392,17
6393,3
6394,-3
6395,-6
6396,-9
6397,-12
6398,-14
6399,-16
6400,-17
6401,-17
6402,-18
6403,-18
6404,-17
6405,-17
6406,-16
6407,-14
6408,-12
6409,-9
6410,-6
6411,0
6412,13
6413,34
6414,60
6415,95
6416,141
6417,199
6418,261
6419,318
6420,338
6421,331
6422,269
6423,156
6424,17
6425,-109
6426,-189
6427,-202
6428,-190
6429,-156
6430,-131
6431,-123
6432,-116
6433,-111
6434,-92
6435,-67
6436,-39
6437,-22
6438,-14
6439,-11
6440,-8
6441,-6
6442,-4
6443,-3
6444,-2
6445,-1
6446,-1
6447,-1
6448,-1
6449,-2
6450,-4
6451,-5
6452,-8
6453,-10
6454,-13
6455,-16
6456,-19
6457,-26
6458,-33
6459,-38
6460,-42
6461,-45
6462,-47
6463,-49
6464,-51
6465,-51
6466,-49
6467,-46
6468,-42
6469,-38
6470,-33
6471,-25
6472,-18
6473,-12
6474,-5
6475,3
6476,14
6477,21
6478,25
6479,29
6480,32
6481,35
6482,37
6483,39
6484,42
6485,47
6486,54
6487,63
6488,74
6489,84
6490,90
6491,95
6492,99
6493,102
6494,103
6495,100
6496,95
6497,89
6498,84
6499,79
6500,74
6501,69
6502,65
6503,62
6504,58
6505,52
6506,45
6507,39
6508,35
6509,31
6510,25
6511,18
6512,14
6513,12
6514,10
6515,8
6516,6
6517,4
6518,2
6519,0
6520,-1
6521,-3
6522,-6
6523,-10
6524,-15
6525,-19
6526,-21
6527,-23
6528,-24
6529,-25
6530,-26
6531,-27
6532,-27
6533,-27
6534,-27
6535,-26
6536,-24
6537,-22
6538,-21
6539,-20
6540,-19
6541,-18
6542,-17
6543,-15
6544,-14
6545,-12
6546,-11
6547,-10
6548,-9
6549,-9
6550,-8
6551,-7
6552,-7
6553,-7
6554,-6
6555,-5
6556,-4
6557,-2
6558,-2
6559,-3
6560,-6
6561,-9
6562,-13
6563,-15
6564,-17
6565,-20
6566,-22
6567,-25
6568,-26
6569,-27
6570,-27
6571,-27
6572,-27
6573,-27
6574,-27
6575,-27
6576,-26
6577,-24
6578,-23
6579,-22
6580,-22
6581,-23
6582,-23
6583,-23
6584,-24
6585,-24
6586,-25
6587,-26
6588,-26
6589,-23
6590,-19
6591,-14
6592,-11
6593,-8
6594,-4
6595,-1
6596,1
6597,2
6598,2
6599,1
6600,0
6601,-2
6602,-4
6603,-7
6604,-10
6605,-18
6606,-27
6607,-33
6608,-38
6609,-42
6610,-44
6611,-44
6612,-43
6613,-40
6614,-37
6615,-35
6616,-33
6617,-30
6618,-28
6619,-26
6620,-23
6621,-21
6622,-18
6623,-14
6624,0
6625,31
6626,72
6627,124
6628,188
6629,256
6630,314
6631,338
6632,332
6633,273
6634,155
6635,11
6636,-124
6637,-224
6638,-249
6639,-243
6640,-188
6641,-123
6642,-70
6643,-54
6644,-50
6645,-48
6646,-45
6647,-43
6648,-41
6649,-40
6650,-38
6651,-36
6652,-35
6653,-34
6654,-33
6655,-31
6656,-30
6657,-27
6658,-24
6659,-21
6660,-17
6661,-14
6662,-11
6663,-8
6664,-6
6665,-5
6666,-4
6667,-3
6668,-2
6669,-1
6670,-1
6671,-1
6672,-1
6673,-1
6674,-1
6675,-1
6676,-1
6677,0
6678,0
6679,0
6680,1
6681,1
6682,2
6683,2
6684,3
6685,4
6686,6
6687,7
6688,10
6689,13
6690,17
6691,22
6692,26
6693,31
6694,38
6695,47
6696,55
6697,60
6698,64
6699,69
6700,75
6701,82
6702,87
6703,91
6704,95
6705,99
6706,100
6707,100
6708,99
6709,96
6710,93
6711,89
6712,83
6713,73
6714,65
6715,58
6716,53
6717,47
6718,41
6719,35
6720,30
6721,25
6722,19
6723,15
6724,11
6725,9
6726,7
6727,5
6728,3
6729,1
6730,0
6731,-2
6732,-4
6733,-6
6734,-8
6735,-13
6736,-19
6737,-25
6738,-30
6739,-33
6740,-36
6741,-38
6742,-40
6743,-41
6744,-42
6745,-42
6746,-42
6747,-42
6748,-42
6749,-42
6750,-41
6751,-40
6752,-39
6753,-38
6754,-37
6755,-37
6756,-35
6757,-34
6758,-32
6759,-30
6760,-29
6761,-27
6762,-26
6763,-25
6764,-23
6765,-22
6766,-20
6767,-19
6768,-18
6769,-17
6770,-15
6771,-14
6772,-12
6773,-10
6774,-9
6775,-7
6776,-6
6777,-5
6778,-5
6779,-4
6780,-2
6781,-1
6782,0
6783,0
6784,-4
6785,-9
6786,-13
6787,-15
6788,-17
6789,-20
6790,-22
6791,-25
6792,-27
6793,-29
6794,-31
6795,-32
6796,-34
6797,-35
6798,-35
6799,-34
6800,-33
6801,-32
6802,-30
6803,-29
6804,-28
6805,-27
6806,-25
6807,-23
6808,-21
6809,-17
6810,-8
6811,-6
6812,-5
6813,-3
6814,-2
6815,-1
6816,-3
6817,-6
6818,-11
6819,-16
6820,-24
6821,-33
6822,-39
6823,-43
6824,-46
6825,-48
6826,-49
6827,-49
6828,-46
6829,-43
6830,-40
6831,-36
6832,-32
6833,-27
6834,-23
6835,-20
6836,-15
6837,-9
6838,-3
6839,13
6840,47
6841,98
6842,163
6843,233
6844,294
6845,320
6846,315
6847,263
6848,159
6849,33
6850,-89
6851,-170
6852,-204
6853,-208
6854,-192
6855,-167
6856,-141
6857,-123
6858,-101
6859,-82
6860,-69
6861,-60
6862,-51
6863,-42
6864,-33
6865,-31
6866,-30
6867,-30
6868,-30
6869,-30
6870,-30
6871,-30
6872,-29
6873,-29
6874,-28
6875,-28
6876,-27
6877,-26
6878,-25
6879,-24
6880,-23
6881,-22
6882,-21
6883,-20
6884,-19
6885,-18
6886,-16
6887,-15
6888,-15
6889,-14
6890,-12
6891,-11
6892,-10
6893,-9
6894,-8
6895,-7
6896,-6
6897,-5
6898,-3
6899,-2
6900,0
6901,2
6902,8
6903,15
6904,22
6905,28
6906,35
6907,40
6908,46
6909,51
6910,55
6911,59
6912,62
6913,66
6914,69
6915,73
6916,75
6917,77
6918,79
6919,81
6920,82
6921,83
6922,83
6923,82
6924,80
6925,78
6926,75
6927,72
6928,68
6929,61
6930,55
6931,50
6932,45
6933,40
6934,34
6935,25
6936,15
6937,4
6938,-2
6939,-5
6940,-6
6941,-7
6942,-8
6943,-9
6944,-10
6945,-11
6946,-12
6947,-13
6948,-14
6949,-15
6950,-17
6951,-19
6952,-20
6953,-22
6954,-23
6955,-25
6956,-27
6957,-30
6958,-33
6959,-34
6960,-34
6961,-33
6962,-31
6963,-28
6964,-26
6965,-23
6966,-19
6967,-15
6968,-11
6969,-7
6970,-5
6971,-2
6972,0
6973,1
6974,2
6975,3
6976,3
6977,3
6978,2
6979,2
6980,2
6981,2
6982,2
6983,1
6984,1
6985,0
6986,0
6987,0
6988,0
6989,1
6990,1
6991,2
6992,2
6993,2
6994,3
6995,3
6996,3
6997,4
6998,4
6999,4
7000,5
7001,6
7002,7
7003,7
7004,5
7005,3
7006,1
7007,0
7008,-1
7009,-3
7010,-4
7011,-5
7012,-5
7013,-6
7014,-6
7015,-5
7016,-4
7017,-2
7018,-1
7019,0
7020,3
7021,5
7022,11
7023,22
7024,27
7025,29
7026,31
7027,33
7028,33
7029,32
7030,29
7031,26
7032,23
7033,21
7034,18
7035,15
7036,12
7037,9
7038,6
7039,3
7040,0
7041,-3
7042,-8
7043,-12
7044,-13
7045,-13
7046,-13
7047,-14
7048,-14
7049,-13
7050,-4
7051,8
7052,23
7053,45
7054,74
7055,116
7056,173
7057,240
7058,312
7059,371
7060,396
7061,365
7062,272
7063,127
7064,-30
7065,-160
7066,-220
7067,-226
7068,-200
7069,-156
7070,-124
7071,-109
7072,-96
7073,-80
7074,-60
7075,-43
7076,-29
7077,-21
7078,-18
7079,-17
7080,-17
7081,-16
7082,-16
7083,-15
7084,-15
7085,-14
7086,-13
7087,-12
7088,-11
7089,-10
7090,-9
7091,-8
7092,-8
7093,-7
7094,-6
7095,-4
7096,-2
7097,-2
7098,-3
7099,-5
7100,-7
7101,-10
7102,-13
7103,-16
7104,-20
7105,-22
7106,-22
7107,-20
7108,-17
7109,-12
7110,-7
7111,0
7112,5
7113,11
7114,16
7115,19
7116,22
7117,25
7118,29
7119,34
7120,38
7121,42
7122,46
7123,50
7124,53
7125,54
7126,54
7127,55
7128,55
7129,55
7130,56
7131,56
7132,57
7133,57
7134,56
7135,56
7136,53
7137,50
7138,47
7139,44
7140,40
7141,36
7142,32
7143,28
7144,26
7145,24
7146,22
7147,18
7148,12
7149,5
7150,1
7151,0
7152,-2
7153,-3
7154,-4
7155,-5
7156,-6
7157,-8
7158,-9
7159,-11
7160,-13
7161,-16
7162,-20
7163,-28
7164,-44
7165,-55
7166,-61
7167,-65
7168,-70
7169,-73
7170,-76
7171,-80
7172,-83
7173,-83
7174,-78
7175,-70
7176,-63
7177,-54
7178,-47
7179,-40
7180,-30
7181,-14
7182,-3
7183,2
7184,6
7185,8
7186,7
7187,5
7188,1
7189,-4
7190,-17
7191,-24
7192,-27
7193,-30
7194,-32
7195,-33
7196,-35
7197,-35
7198,-35
7199,-34
7200,-32
7201,-30
7202,-28
7203,-26
7204,-23
7205,-18
7206,-13
7207,-7
7208,0
7209,4
7210,11
7211,16
7212,16
7213,12
7214,7
7215,2
7216,-3
7217,-8
7218,-12
7219,-16
7220,-20
7221,-24
7222,-28
7223,-32
7224,-36
7225,-39
7226,-43
7227,-46
7228,-50
7229,-51
7230,-50
7231,-47
7232,-41
7233,-35
7234,-25
7235,-17
7236,-11
7237,-7
7238,-3
7239,0
7240,3
7241,7
7242,15
7243,27
7244,34
7245,39
7246,39
7247,31
7248,23
7249,14
7250,5
7251,-7
7252,-22
7253,-40
7254,-49
7255,-51
7256,-52
7257,-45
7258,-36
7259,-28
7260,-22
7261,-15
7262,-2
7263,9
7264,15
7265,20
7266,25
7267,29
7268,36
7269,48
7270,72
7271,104
7272,146
7273,202
7274,266
7275,325
7276,347
7277,339
7278,279
7279,167
7280,32
7281,-89
7282,-172
7283,-197
7284,-195
7285,-160
7286,-120
7287,-86
7288,-58
7289,-34
7290,-21
7291,-15
7292,-12
7293,-10
7294,-8
7295,-6
7296,-3
7297,-1
7298,0
7299,2
7300,4
7301,5
7302,6
7303,8
7304,8
7305,9
7306,11
7307,12
7308,14
7309,15
7310,15
7311,16
7312,16
7313,16
7314,17
7315,18
7316,19
7317,19
7318,20
7319,22
7320,25
7321,27
7322,29
7323,30
7324,32
7325,34
7326,37
7327,37
7328,34
7329,29
7330,31
7331,39
7332,42
7333,46
7334,50
7335,54
7336,60
7337,69
7338,85
7339,94
7340,100
7341,104
7342,106
7343,108
7344,109
7345,111
7346,113
7347,115
7348,116
7349,115
7350,111
7351,106
7352,100
7353,91
7354,82
7355,73
7356,64
7357,55
7358,46
7359,37
7360,29
7361,19
7362,4
7363,-7
7364,-13
7365,-18
7366,-23
7367,-27
7368,-31
7369,-34
7370,-37
7371,-39
7372,-41
7373,-42
7374,-44
7375,-46
7376,-46
7377,-47
7378,-47
7379,-47
7380,-48
7381,-49
7382,-50
7383,-50
7384,-51
7385,-52
7386,-52
7387,-53
7388,-54
7389,-54
7390,-53
7391,-52
7392,-52
7393,-52
7394,-53
7395,-53
7396,-54
7397,-56
7398,-57
7399,-51
7400,-41
7401,-37
7402,-34
7403,-32
7404,-29
7405,-26
7406,-23
7407,-21
7408,-19
7409,-18
7410,-17
7411,-16
7412,-16
7413,-17
7414,-18
7415,-20
7416,-22
7417,-24
7418,-25
7419,-27
7420,-28
7421,-30
7422,-31
7423,-33
7424,-35
7425,-37
7426,-40
7427,-44
7428,-46
7429,-47
7430,-47
7431,-44
7432,-42
7433,-39
7434,-37
7435,-34
7436,-32
7437,-30
7438,-27
7439,-24
7440,-22
7441,-20
7442,-18
7443,-16
7444,-15
7445,-13
7446,-12
7447,-11
7448,-10
7449,-9
7450,-8
7451,-6
7452,-5
7453,-4
7454,-4
7455,-4
7456,-4
7457,-4
7458,-4
7459,-4
7460,-5
7461,-6
7462,-6
7463,-6
7464,-6
7465,-6
7466,-6
7467,-7
7468,-8
7469,-9
7470,-9
7471,-9
7472,-9
7473,-9
7474,-10
7475,-10
7476,-9
7477,-9
7478,-8
7479,-6
7480,-4
7481,-3
7482,-1
7483,11
7484,38
7485,78
7486,132
7487,198
7488,267
7489,324
7490,339
7491,329
7492,261
7493,145
7494,9
7495,-116
7496,-200
7497,-216
7498,-210
7499,-162
7500,-104
7501,-57
7502,-38
7503,-35
7504,-32
7505,-30
7506,-29
7507,-27
7508,-26
7509,-24
7510,-22
7511,-20
7512,-18
7513,-16
7514,-15
7515,-14
7516,-13
7517,-12
7518,-10
7519,-7
7520,-4
7521,-1
7522,0
7523,3
7524,6
7525,8
7526,11
7527,14
7528,16
7529,17
7530,18
7531,18
7532,19
7533,20
7534,21
7535,22
7536,23
7537,25
7538,26
7539,28
7540,29
7541,30
7542,32
7543,33
7544,34
7545,36
7546,38
7547,42
7548,48
7549,54
7550,60
7551,65
7552,69
7553,74
7554,78
7555,83
7556,89
7557,95
7558,100
7559,105
7560,112
7561,117
7562,120
7563,121
7564,121
7565,121
7566,122
7567,122
7568,123
7569,119
7570,111
7571,104
7572,96
7573,87
7574,78
7575,67
7576,55
7577,45
7578,40
7579,36
7580,33
7581,31
7582,28
7583,26
7584,25
7585,23
7586,21
7587,19
7588,17
7589,14
7590,11
7591,8
7592,6
7593,3
7594,0
7595,-5
7596,-11
7597,-18
7598,-32
7599,-45
7600,-51
7601,-56
7602,-56
7603,-50
7604,-44
7605,-39
7606,-34
7607,-28
7608,-22
7609,-14
7610,-5
7611,-4
7612,-7
7613,-10
7614,-14
7615,-9
7616,-4
7617,0
7618,1
7619,0
7620,-4
7621,-9
7622,-13
7623,-19
7624,-28
7625,-35
7626,-42
7627,-47
7628,-48
7629,-46
7630,-43
7631,-41
7632,-39
7633,-37
7634,-36
7635,-35
7636,-34
7637,-34
7638,-35
7639,-35
7640,-36
7641,-37
7642,-38
7643,-39
7644,-40
7645,-41
7646,-42
7647,-42
7648,-42
7649,-41
7650,-39
7651,-36
7652,-33
7653,-30
7654,-28
7655,-26
7656,-24
7657,-23
7658,-22
7659,-21
7660,-20
7661,-19
7662,-18
7663,-16
7664,-14
7665,-13
7666,-13
7667,-12
7668,-12
7669,-12
7670,-11
7671,-11
7672,-11
7673,-11
7674,-11
7675,-10
7676,-8
7677,-7
7678,-6
7679,-7
7680,-10
7681,-14
7682,-17
7683,-21
7684,-25
7685,-29
7686,-32
7687,-33
7688,-34
7689,-35
7690,-35
7691,-36
7692,-37
7693,-38
7694,-38
7695,-37
7696,-35
7697,-31
7698,-27
7699,-21
7700,-12
7701,-5
7702,13
7703,39
7704,78
7705,130
7706,191
7707,256
7708,306
7709,310
7710,282
7711,183
7712,47
7713,-97
7714,-212
7715,-266
7716,-275
7717,-261
7718,-223
7719,-183
7720,-149
7721,-119
7722,-92
7723,-83
7724,-80
7725,-79
7726,-78
7727,-77
7728,-75
7729,-73
7730,-70
7731,-67
7732,-65
7733,-64
7734,-64
7735,-63
7736,-63
7737,-62
7738,-61
7739,-59
7740,-57
7741,-55
7742,-53
7743,-51
7744,-49
7745,-47
7746,-45
7747,-44
7748,-42
7749,-41
7750,-39
7751,-37
7752,-35
7753,-33
7754,-31
7755,-30
7756,-28
7757,-26
7758,-24
7759,-23
7760,-23
7761,-22
7762,-21
7763,-20
7764,-19
7765,-16
7766,-11
7767,-6
7768,0
7769,7
7770,14
7771,21
7772,28
7773,33
7774,36
7775,39
7776,41
7777,44
7778,47
7779,51
7780,54
7781,57
7782,59
7783,61
7784,63
7785,65
7786,67
7787,68
7788,68
7789,67
7790,67
7791,66
7792,65
7793,63
7794,61
7795,58
7796,54
7797,46
7798,36
7799,26
7800,17
7801,11
7802,8
7803,5
7804,3
7805,0
7806,-2
7807,-7
7808,-11
7809,-15
7810,-18
7811,-21
7812,-24
7813,-27
7814,-29
7815,-30
7816,-31
7817,-32
7818,-32
7819,-33
7820,-33
7821,-33
7822,-33
7823,-33
7824,-34
7825,-35
7826,-35
7827,-35
7828,-35
7829,-35
7830,-35
7831,-34
7832,-32
7833,-30
7834,-27
7835,-25
7836,-22
7837,-20
7838,-17
7839,-14
7840,-12
7841,-11
7842,-10
7843,-10
7844,-9
7845,-8
7846,-7
7847,-7
7848,-6
7849,-5
7850,-4
7851,-4
7852,-3
7853,-3
7854,-4
7855,-4
7856,-5
7857,-5
7858,-5
7859,-6
7860,-6
7861,-7
7862,-7
7863,-8
7864,-8
7865,-9
7866,-10
7867,-11
7868,-12
7869,-13
7870,-14
7871,-16
7872,-18
7873,-22
7874,-30
7875,-33
7876,-34
7877,-34
7878,-35
7879,-36
7880,-37
7881,-37
7882,-35
7883,-32
7884,-28
7885,-24
7886,-20
7887,-16
7888,-12
7889,-8
7890,-3
7891,1
7892,9
7893,16
7894,19
7895,22
7896,25
7897,26
7898,27
7899,26
7900,24
7901,21
7902,18
7903,14
7904,9
7905,2
7906,-2
7907,-5
7908,-7
7909,-9
7910,-11
7911,-13
7912,-14
7913,-15
7914,-15
7915,-14
7916,-11
7917,-8
7918,-4
7919,0
7920,10
7921,18
7922,28
7923,43
7924,74
7925,119
7926,179
7927,254
7928,330
7929,385
7930,389
7931,356
7932,251
7933,105
7934,-41
7935,-155
7936,-207
7937,-212
7938,-189
7939,-149
7940,-112
7941,-89
7942,-75
7943,-59
7944,-42
7945,-30
7946,-24
7947,-20
7948,-16
7949,-12
7950,-9
7951,-6
7952,-4
7953,-1
7954,0
7955,2
7956,4
7957,6
7958,6
7959,7
7960,6
7961,7
7962,7
7963,7
7964,7
7965,7
7966,8
7967,9
7968,10
7969,8
7970,5
7971,4
7972,2
7973,1
7974,0
7975,0
7976,-1
7977,0
7978,0
7979,1
7980,4
7981,6
7982,9
7983,13
7984,18
7985,24
7986,32
7987,42
7988,52
7989,57
7990,61
7991,63
7992,65
7993,67
7994,69
7995,72
7996,75
7997,78
7998,81
7999,84
8000,88
8001,93
8002,96
8003,96
8004,94
8005,90
8006,87
8007,83
8008,78
8009,74
8010,70
8011,65
8012,61
8013,56
8014,51
8015,45
8016,39
8017,33
8018,28
8019,23
8020,18
8021,15
8022,12
8023,8
8024,1
8025,-5
8026,-15
8027,-27
8028,-33
8029,-35
8030,-37
8031,-39
8032,-41
8033,-42
8034,-43
8035,-44
8036,-45
8037,-46
8038,-47
8039,-47
8040,-47
8041,-46
8042,-44
8043,-43
8044,-41
8045,-40
8046,-38
8047,-36
8048,-34
8049,-33
8050,-32
8051,-31
8052,-28
8053,-25
8054,-22
8055,-20
8056,-18
8057,-18
8058,-19
8059,-19
8060,-19
8061,-19
8062,-20
8063,-21
8064,-23
8065,-25
8066,-25
8067,-24
8068,-23
8069,-21
8070,-20
8071,-19
8072,-18
8073,-17
8074,-15
8075,-13
8076,-11
8077,-9
8078,-8
8079,-6
8080,-5
8081,-3
8082,-2
8083,0
8084,1
8085,3
8086,5
8087,7
8088,8
8089,7
8090,5
8091,3
8092,2
8093,0
8094,-1
8095,-3
8096,-5
8097,-6
8098,-6
8099,-4
8100,0
8101,4
8102,10
8103,20
8104,25
8105,29
8106,32
8107,34
8108,35
8109,33
8110,30
8111,25
8112,18
8113,5
8114,-4
8115,-11
8116,-14
8117,-16
8118,-17
8119,-18
8120,-18
8121,-19
8122,-20
8123,-20
8124,-20
8125,-20
8126,-20
8127,-19
8128,-17
8129,-15
8130,-13
8131,-9
8132,-2
8133,2
8134,16
8135,37
8136,69
8137,113
8138,168
8139,231
8140,294
8141,343
8142,346
8143,317
8144,214
8145,70
8146,-76
8147,-188
8148,-229
8149,-231
8150,-198
8151,-155
8152,-121
8153,-99
8154,-87
8155,-78
8156,-73
8157,-67
8158,-61
8159,-52
8160,-38
8161,-24
8162,-14
8163,-5
8164,0
8165,2
8166,5
8167,7
8168,9
8169,10
8170,10
8171,10
8172,11
8173,12
8174,15
8175,14
8176,6
8177,0
8178,-6
8179,-12
8180,-16
8181,-19
8182,-22
8183,-25
8184,-26
8185,-26
8186,-23
8187,-18
8188,-11
8189,1
8190,12
8191,26
8192,33
8193,36
8194,38
8195,41
8196,42
8197,44
8198,45
8199,47
8200,48
8201,50
8202,52
8203,53
8204,55
8205,57
8206,58
8207,60
8208,62
8209,63
8210,65
8211,66
8212,68
8213,68
8214,69
8215,69
8216,69
8217,69
8218,68
8219,67
8220,66
8221,65
8222,64
8223,62
8224,61
8225,55
8226,43
8227,32
8228,23
8229,13
8230,0
8231,-16
8232,-28
8233,-35
8234,-41
8235,-45
8236,-47
8237,-48
8238,-49
8239,-49
8240,-50
8241,-51
8242,-52
8243,-53
8244,-53
8245,-54
8246,-55
8247,-55
8248,-56
8249,-55
8250,-55
8251,-53
8252,-52
8253,-50
8254,-49
8255,-48
8256,-47
8257,-46
8258,-45
8259,-44
8260,-44
8261,-43
8262,-43
8263,-41
8264,-40
8265,-37
8266,-35
8267,-32
8268,-30
8269,-28
8270,-26
8271,-24
8272,-22
8273,-21
8274,-20
8275,-19
8276,-18
8277,-16
8278,-14
8279,-12
8280,-10
8281,-10
8282,-10
8283,-10
8284,-10
8285,-10
8286,-11
8287,-13
8288,-15
8289,-12
8290,-9
8291,-7
8292,-6
8293,-9
8294,-13
8295,-15
8296,-18
8297,-20
8298,-21
8299,-21
8300,-20
8301,-17
8302,-14
8303,-10
8304,-7
8305,-4
8306,0
8307,3
8308,5
8309,8
8310,9
8311,12
8312,14
8313,17
8314,19
8315,20
8316,18
8317,16
8318,13
8319,10
8320,7
8321,5
8322,2
8323,0
8324,-2
8325,-5
8326,-7
8327,-8
8328,-10
8329,-12
8330,-14
8331,-15
8332,-17
8333,-18
8334,-18
8335,-16
8336,-13
8337,-8
8338,-2
8339,8
8340,27
8341,56
8342,94
8343,142
8344,199
8345,255
8346,294
8347,298
8348,278
8349,205
8350,97
8351,-25
8352,-136
8353,-209
8354,-229
8355,-205
8356,-163
8357,-131
8358,-118
8359,-110
8360,-98
8361,-83
8362,-66
8363,-46
8364,-32
8365,-28
8366,-27
8367,-26
8368,-25
8369,-25
8370,-25
8371,-25
8372,-25
8373,-25
8374,-25
8375,-25
8376,-25
8377,-25
8378,-25
8379,-25
8380,-25
8381,-24
8382,-24
8383,-23
8384,-23
8385,-23
8386,-22
8387,-21
8388,-20
8389,-19
8390,-18
8391,-16
8392,-15
8393,-13
8394,-12
8395,-9
8396,-6
8397,-3
8398,0
8399,2
8400,4
8401,6
8402,8
8403,11
8404,13
8405,16
8406,20
8407,25
8408,30
8409,39
8410,53
8411,61
8412,64
8413,67
8414,69
8415,71
8416,72
8417,73
8418,74
8419,75
8420,76
8421,76
8422,76
8423,77
8424,77
8425,77
8426,78
8427,81
8428,80
8429,73
8430,64
8431,55
8432,47
8433,38
8434,30
8435,20
8436,12
8437,4
8438,-1
8439,-7
8440,-9
8441,-10
8442,-12
8443,-13
8444,-14
8445,-16
8446,-17
8447,-18
8448,-19
8449,-20
8450,-21
8451,-21
8452,-22
8453,-22
8454,-21
8455,-21
8456,-22
8457,-22
8458,-22
8459,-22
8460,-21
8461,-21
8462,-21
8463,-21
8464,-20
8465,-20
8466,-18
8467,-17
8468,-15
8469,-14
8470,-12
8471,-11
8472,-8
8473,-5
8474,-1
8475,3
8476,8
8477,12
8478,16
8479,20
8480,23
8481,24
8482,23
8483,21
8484,17
8485,13
8486,11
8487,8
8488,5
8489,2
8490,0
8491,0
8492,-1
8493,-1
8494,-1
8495,-1
8496,-2
8497,-3
8498,-4
8499,-4
8500,-4
8501,-2
8502,0
8503,1
8504,4
8505,8
8506,8
8507,0
8508,-5
8509,-8
8510,-11
8511,-14
8512,-16
8513,-17
8514,-16
8515,-15
8516,-14
8517,-12
8518,-11
8519,-9
8520,-7
8521,-4
8522,-2
8523,-2
8524,-3
8525,-5
8526,-7
8527,-10
8528,-12
8529,-15
8530,-19
8531,-22
8532,-23
8533,-23
8534,-23
8535,-21
8536,-20
8537,-18
8538,-15
8539,-15
8540,-23
8541,-28
8542,-34
8543,-37
8544,-37
8545,-34
8546,-29
8547,-15
8548,16
8549,59
8550,108
8551,164
8552,223
8553,279
8554,314
8555,314
8556,278
8557,181
8558,50
8559,-84
8560,-190
8561,-235
8562,-240
8563,-217
8564,-179
8565,-142
8566,-115
8567,-101
8568,-93
8569,-87
8570,-82
8571,-76
8572,-71
8573,-64
8574,-59
8575,-55
8576,-51
8577,-47
8578,-45
8579,-47
8580,-52
8581,-55
8582,-58
8583,-61
8584,-63
8585,-62
8586,-57
8587,-51
8588,-40
8589,-28
8590,-22
8591,-18
8592,-17
8593,-20
8594,-27
8595,-32
8596,-38
8597,-42
8598,-42
8599,-42
8600,-40
8601,-36
8602,-35
8603,-37
8604,-38
8605,-33
8606,-28
8607,-25
8608,-22
8609,-19
8610,-15
8611,-11
8612,-6
8613,1
8614,10
8615,8
8616,3
8617,5
8618,19
8619,32
8620,40
8621,45
8622,48
8623,51
8624,53
8625,53
8626,52
8627,51
8628,49
8629,47
8630,44
8631,39
8632,39
8633,45
8634,49
8635,52
8636,54
8637,56
8638,57
8639,56
8640,53
8641,51
8642,47
8643,41
8644,27
8645,15
8646,6
8647,-3
8648,-9
8649,-13
8650,-16
8651,-19
8652,-19
8653,-19
8654,-19
8655,-18
8656,-18
8657,-18
8658,-17
8659,-17
8660,-17
8661,-17
8662,-17
8663,-16
8664,-16
8665,-16
8666,-16
8667,-16
8668,-17
8669,-17
8670,-18
8671,-19
8672,-20
8673,-21
8674,-18
8675,-12
8676,-6
8677,0
8678,5
8679,9
8680,12
8681,14
8682,17
8683,18
8684,18
8685,17
8686,14
8687,12
8688,10
8689,8
8690,7
8691,5
8692,4
8693,4
8694,6
8695,9
8696,12
8697,17
8698,22
8699,29
8700,34
8701,36
8702,37
8703,39
8704,40
8705,41
8706,42
8707,42
8708,40
8709,37
8710,33
8711,30
8712,27
8713,25
8714,22
8715,19
8716,17
8717,15
8718,12
8719,10
8720,9
8721,6
8722,4
8723,2
8724,3
8725,6
8726,10
8727,14
8728,21
8729,32
8730,43
8731,50
8732,57
8733,61
8734,61
8735,56
8736,50
8737,44
8738,36
8739,29
8740,21
8741,9
8742,0
8743,-2
8744,-4
8745,-5
8746,-2
8747,0
8748,1
8749,3
8750,4
8751,4
8752,3
8753,1
8754,0
8755,-2
8756,-5
8757,-7
8758,-4
8759,1
8760,22
8761,49
8762,84
8763,130
8764,193
8765,263
8766,326
8767,352
8768,344
8769,275
8770,149
8771,4
8772,-119
8773,-199
8774,-219
8775,-216
8776,-182
8777,-139
8778,-102
8779,-82
8780,-70
8781,-58
8782,-45
8783,-30
8784,-20
8785,-17
8786,-13
8787,-12
8788,-12
8789,-13
8790,-16
8791,-17
8792,-17
8793,-18
8794,-17
8795,-17
8796,-18
8797,-18
8798,-19
8799,-20
8800,-21
8801,-21
8802,-22
8803,-24
8804,-25
8805,-27
8806,-28
8807,-30
8808,-32
8809,-35
8810,-37
8811,-40
8812,-44
8813,-48
8814,-50
8815,-51
8816,-49
8817,-47
8818,-44
8819,-41
8820,-38
8821,-33
8822,-28
8823,-25
8824,-21
8825,-18
8826,-15
8827,-13
8828,-10
8829,-6
8830,-2
8831,1
8832,6
8833,15
8834,31
8835,40
8836,46
8837,50
8838,52
8839,54
8840,55
8841,57
8842,58
8843,60
8844,60
8845,58
8846,55
8847,51
8848,46
8849,34
8850,24
8851,19
8852,15
8853,11
8854,8
8855,6
8856,5
8857,4
8858,3
8859,2
8860,1
8861,0
8862,-2
8863,-4
8864,-6
8865,-9
8866,-12
8867,-14
8868,-18
8869,-23
8870,-28
8871,-31
8872,-34
8873,-36
8874,-37
8875,-39
8876,-40
8877,-42
8878,-43
8879,-44
8880,-44
8881,-45
8882,-45
8883,-46
8884,-46
8885,-46
8886,-47
8887,-47
8888,-49
8889,-51
8890,-53
8891,-49
8892,-42
8893,-37
8894,-34
8895,-31
8896,-28
8897,-26
8898,-23
8899,-21
8900,-18
8901,-16
8902,-15
8903,-14
8904,-13
8905,-13
8906,-12
8907,-12
8908,-12
8909,-12
8910,-12
8911,-12
8912,-11
8913,-9
8914,-7
8915,-6
8916,-4
8917,-3
8918,-1
8919,0
8920,2
8921,5
8922,7
8923,10
8924,16
8925,22
8926,27
8927,28
8928,27
8929,23
8930,19
8931,11
8932,-3
8933,-13
8934,-20
8935,-23
8936,-21
8937,-16
8938,-12
8939,-8
8940,-5
8941,-3
8942,-4
8943,-8
8944,-13
8945,-19
8946,-22
8947,-25
8948,-29
8949,-33
8950,-36
8951,-38
8952,-38
8953,-38
8954,-38
8955,-37
8956,-36
8957,-36
8958,-35
8959,-33
8960,-32
8961,-30
8962,-28
8963,-26
8964,-23
8965,-18
8966,-11
8967,14
8968,54
8969,107
8970,169
8971,227
8972,269
8973,274
8974,257
8975,184
8976,77
8977,-41
8978,-145
8979,-217
8980,-238
8981,-237
8982,-210
8983,-177
8984,-142
8985,-109
8986,-75
8987,-60
8988,-56
8989,-54
8990,-53
8991,-52
8992,-51
8993,-50
8994,-49
8995,-48
8996,-46
8997,-44
8998,-42
8999,-40
