'sample #','ECG '
0,196
1,205
2,180
3,84
4,-46
5,-194
6,-346
7,-499
8,-652
9,-793
10,-914
11,-975
12,-977
13,-925
14,-834
15,-755
16,-700
17,-682
18,-669
19,-661
20,-646
21,-619
22,-583
23,-551
24,-522
25,-496
26,-454
27,-397
28,-331
29,-263
30,-203
31,-151
32,-120
33,-86
34,-55
35,-38
36,-27
37,-21
38,-18
39,-21
40,-28
41,-37
42,-53
43,-82
44,-116
45,-143
46,-184
47,-229
48,-271
49,-286
50,-276
51,-247
52,-198
53,-143
54,-85
55,-20
56,54
57,133
58,213
59,290
60,353
61,405
62,456
63,513
64,574
65,630
66,662
67,695
68,729
69,790
70,872
71,968
72,1080
73,1214
74,1377
75,1553
76,1727
77,1885
78,2009
79,2063
80,2064
81,2011
82,1907
83,1761
84,1576
85,1361
86,1133
87,908
88,690
89,485
90,303
91,150
92,22
93,-92
94,-195
95,-280
96,-348
97,-404
98,-439
99,-466
100,-483
101,-497
102,-509
103,-520
104,-532
105,-545
106,-559
107,-573
108,-586
109,-596
110,-603
111,-606
112,-607
113,-608
114,-609
115,-610
116,-611
117,-612
118,-614
119,-617
120,-620
121,-622
122,-624
123,-626
124,-628
125,-629
126,-631
127,-634
128,-637
129,-641
130,-646
131,-650
132,-655
133,-660
134,-664
135,-666
136,-667
137,-668
138,-667
139,-665
140,-662
141,-658
142,-653
143,-647
144,-640
145,-633
146,-616
147,-581
148,-561
149,-550
150,-541
151,-538
152,-540
153,-548
154,-561
155,-582
156,-617
157,-649
158,-676
159,-698
160,-721
161,-744
162,-771
163,-789
164,-798
165,-804
166,-810
167,-815
168,-820
169,-823
170,-826
171,-830
172,-834
173,-836
174,-838
175,-838
176,-835
177,-830
178,-822
179,-811
180,-772
181,-704
182,-604
183,-473
184,-326
185,-189
186,-101
187,-71
188,-90
189,-149
190,-266
191,-402
192,-545
193,-690
194,-826
195,-926
196,-954
197,-947
198,-878
199,-775
200,-670
201,-584
202,-518
203,-467
204,-418
205,-387
206,-352
207,-319
208,-294
209,-276
210,-258
211,-235
212,-205
213,-180
214,-161
215,-145
216,-125
217,-99
218,-77
219,-62
220,-45
221,-32
222,-23
223,-13
224,-2
225,9
226,25
227,45
228,59
229,72
230,86
231,103
232,126
233,154
234,182
235,210
236,239
237,271
238,306
239,342
240,380
241,416
242,444
243,465
244,483
245,505
246,533
247,555
248,571
249,586
250,601
251,616
252,624
253,628
254,631
255,633
256,635
257,636
258,636
259,635
260,631
261,626
262,619
263,610
264,599
265,581
266,566
267,552
268,532
269,505
270,480
271,453
272,433
273,421
274,413
275,409
276,406
277,403
278,399
279,397
280,397
281,405
282,416
283,426
284,440
285,453
286,467
287,482
288,496
289,510
290,524
291,531
292,536
293,541
294,544
295,547
296,550
297,552
298,555
299,558
300,560
301,563
302,567
303,570
304,574
305,577
306,581
307,584
308,587
309,589
310,590
311,591
312,592
313,593
314,594
315,595
316,596
317,598
318,601
319,603
320,605
321,605
322,604
323,600
324,596
325,592
326,589
327,585
328,580
329,576
330,572
331,567
332,560
333,553
334,545
335,532
336,520
337,508
338,489
339,459
340,434
341,415
342,399
343,379
344,354
345,328
346,300
347,280
348,270
349,260
350,248
351,237
352,227
353,219
354,211
355,202
356,194
357,185
358,176
359,165
360,158
361,157
362,164
363,179
364,221
365,286
366,376
367,484
368,594
369,671
370,680
371,652
372,550
373,406
374,237
375,62
376,-107
377,-269
378,-403
379,-465
380,-486
381,-463
382,-392
383,-312
384,-243
385,-186
386,-142
387,-112
388,-90
389,-78
390,-69
391,-65
392,-64
393,-63
394,-63
395,-63
396,-63
397,-63
398,-62
399,-62
400,-62
401,-62
402,-61
403,-61
404,-61
405,-61
406,-60
407,-59
408,-58
409,-55
410,-53
411,-50
412,-47
413,-43
414,-38
415,-33
416,-25
417,-9
418,5
419,20
420,38
421,59
422,79
423,94
424,107
425,118
426,127
427,135
428,142
429,149
430,155
431,158
432,159
433,160
434,161
435,162
436,163
437,164
438,165
439,162
440,155
441,145
442,132
443,114
444,94
445,74
446,54
447,34
448,15
449,-3
450,-20
451,-41
452,-67
453,-93
454,-120
455,-146
456,-173
457,-197
458,-215
459,-238
460,-249
461,-256
462,-262
463,-267
464,-271
465,-274
466,-275
467,-276
468,-276
469,-275
470,-273
471,-270
472,-266
473,-261
474,-255
475,-250
476,-244
477,-236
478,-226
479,-218
480,-210
481,-203
482,-195
483,-185
484,-174
485,-164
486,-155
487,-149
488,-144
489,-141
490,-139
491,-136
492,-133
493,-130
494,-127
495,-122
496,-117
497,-111
498,-106
499,-101
500,-96
501,-93
502,-89
503,-85
504,-81
505,-77
506,-73
507,-69
508,-65
509,-62
510,-61
511,-60
512,-61
513,-63
514,-65
515,-68
516,-71
517,-75
518,-80
519,-85
520,-90
521,-97
522,-112
523,-124
524,-134
525,-147
526,-162
527,-179
528,-192
529,-201
530,-211
531,-222
532,-233
533,-243
534,-252
535,-260
536,-267
537,-273
538,-277
539,-281
540,-285
541,-290
542,-294
543,-298
544,-301
545,-303
546,-305
547,-308
548,-313
549,-298
550,-254
551,-178
552,-69
553,72
554,244
555,429
556,595
557,669
558,657
559,518
560,234
561,-119
562,-464
563,-715
564,-794
565,-786
566,-664
567,-512
568,-376
569,-273
570,-197
571,-139
572,-86
573,-39
574,-9
575,11
576,21
577,29
578,38
579,47
580,55
581,61
582,64
583,67
584,70
585,72
586,75
587,77
588,80
589,83
590,85
591,88
592,90
593,93
594,96
595,99
596,102
597,106
598,113
599,121
600,129
601,136
602,144
603,151
604,159
605,167
606,175
607,184
608,194
609,205
610,219
611,232
612,245
613,252
614,257
615,262
616,266
617,269
618,272
619,273
620,274
621,274
622,273
623,270
624,267
625,263
626,258
627,252
628,246
629,236
630,219
631,203
632,189
633,171
634,151
635,136
636,117
637,93
638,70
639,47
640,23
641,-3
642,-31
643,-59
644,-86
645,-115
646,-137
647,-151
648,-163
649,-174
650,-182
651,-190
652,-196
653,-203
654,-211
655,-219
656,-230
657,-246
658,-264
659,-278
660,-289
661,-297
662,-302
663,-305
664,-307
665,-309
666,-311
667,-313
668,-315
669,-317
670,-319
671,-322
672,-326
673,-330
674,-334
675,-337
676,-339
677,-340
678,-342
679,-344
680,-346
681,-349
682,-351
683,-353
684,-354
685,-356
686,-357
687,-357
688,-357
689,-357
690,-358
691,-359
692,-361
693,-362
694,-361
695,-360
696,-359
697,-358
698,-357
699,-355
700,-353
701,-352
702,-351
703,-350
704,-350
705,-351
706,-353
707,-356
708,-361
709,-365
710,-369
711,-378
712,-401
713,-420
714,-444
715,-474
716,-500
717,-518
718,-535
719,-543
720,-547
721,-549
722,-551
723,-554
724,-556
725,-556
726,-555
727,-554
728,-555
729,-556
730,-557
731,-560
732,-564
733,-568
734,-573
735,-579
736,-587
737,-575
738,-536
739,-461
740,-346
741,-192
742,-9
743,180
744,343
745,428
746,387
747,190
748,-145
749,-552
750,-937
751,-1210
752,-1319
753,-1277
754,-1148
755,-995
756,-860
757,-768
758,-707
759,-659
760,-631
761,-601
762,-575
763,-552
764,-525
765,-495
766,-463
767,-426
768,-392
769,-359
770,-332
771,-309
772,-284
773,-256
774,-224
775,-190
776,-163
777,-121
778,-79
779,-31
780,-1
781,32
782,64
783,88
784,107
785,121
786,137
787,160
788,181
789,195
790,210
791,231
792,257
793,281
794,306
795,327
796,342
797,357
798,370
799,384
800,405
801,421
802,433
803,442
804,449
805,453
806,455
807,457
808,459
809,461
810,462
811,462
812,462
813,462
814,461
815,460
816,456
817,451
818,444
819,435
820,423
821,401
822,381
823,358
824,330
825,303
826,275
827,252
828,233
829,214
830,195
831,177
832,161
833,149
834,140
835,131
836,121
837,115
838,110
839,104
840,98
841,94
842,92
843,91
844,90
845,90
846,91
847,91
848,90
849,90
850,90
851,89
852,89
853,89
854,88
855,88
856,88
857,90
858,92
859,94
860,98
861,102
862,105
863,108
864,111
865,113
866,115
867,116
868,117
869,117
870,118
871,118
872,118
873,115
874,114
875,113
876,114
877,118
878,125
879,132
880,139
881,145
882,151
883,155
884,159
885,164
886,170
887,176
888,182
889,188
890,196
891,203
892,209
893,213
894,216
895,216
896,215
897,210
898,201
899,188
900,163
901,144
902,133
903,125
904,120
905,116
906,110
907,102
908,92
909,82
910,77
911,73
912,72
913,71
914,71
915,69
916,65
917,63
918,62
919,63
920,63
921,62
922,59
923,53
924,44
925,33
926,44
927,86
928,161
929,268
930,409
931,578
932,750
933,882
934,931
935,851
936,634
937,304
938,-67
939,-401
940,-614
941,-691
942,-637
943,-504
944,-360
945,-244
946,-155
947,-92
948,-39
949,-1
950,32
951,46
952,59
953,64
954,67
955,69
956,73
957,78
958,84
959,89
960,91
961,91
962,91
963,92
964,93
965,95
966,96
967,97
968,98
969,99
970,99
971,101
972,106
973,110
974,113
975,115
976,118
977,121
978,124
979,126
980,128
981,130
982,135
983,138
984,142
985,146
986,153
987,168
988,181
989,195
990,209
991,224
992,231
993,236
994,240
995,243
996,246
997,246
998,245
999,243
1000,240
1001,234
1002,226
1003,215
1004,201
1005,190
1006,180
1007,170
1008,160
1009,143
1010,123
1011,103
1012,85
1013,70
1014,53
1015,32
1016,8
1017,-19
1018,-41
1019,-58
1020,-78
1021,-96
1022,-110
1023,-128
1024,-143
1025,-155
1026,-167
1027,-180
1028,-193
1029,-207
1030,-217
1031,-221
1032,-223
1033,-225
1034,-225
1035,-224
1036,-224
1037,-225
1038,-225
1039,-223
1040,-221
1041,-220
1042,-218
1043,-216
1044,-215
1045,-214
1046,-214
1047,-217
1048,-220
1049,-222
1050,-224
1051,-226
1052,-228
1053,-231
1054,-235
1055,-240
1056,-245
1057,-250
1058,-252
1059,-252
1060,-249
1061,-244
1062,-236
1063,-226
1064,-215
1065,-201
1066,-187
1067,-175
1068,-168
1069,-165
1070,-165
1071,-163
1072,-160
1073,-157
1074,-154
1075,-149
1076,-142
1077,-135
1078,-125
1079,-110
1080,-102
1081,-97
1082,-93
1083,-91
1084,-92
1085,-100
1086,-112
1087,-124
1088,-136
1089,-149
1090,-164
1091,-184
1092,-205
1093,-224
1094,-230
1095,-232
1096,-235
1097,-241
1098,-247
1099,-253
1100,-256
1101,-255
1102,-254
1103,-250
1104,-247
1105,-245
1106,-243
1107,-241
1108,-239
1109,-238
1110,-236
1111,-235
1112,-226
1113,-205
1114,-169
1115,-112
1116,-23
1117,94
1118,239
1119,394
1120,525
1121,573
1122,557
1123,426
1124,170
1125,-153
1126,-479
1127,-733
1128,-840
1129,-852
1130,-768
1131,-630
1132,-504
1133,-401
1134,-322
1135,-269
1136,-224
1137,-197
1138,-179
1139,-169
1140,-160
1141,-152
1142,-145
1143,-138
1144,-133
1145,-128
1146,-124
1147,-120
1148,-115
1149,-110
1150,-107
1151,-104
1152,-102
1153,-98
1154,-93
1155,-84
1156,-75
1157,-69
1158,-62
1159,-51
1160,-35
1161,-17
1162,-4
1163,3
1164,11
1165,18
1166,25
1167,35
1168,47
1169,58
1170,66
1171,75
1172,87
1173,100
1174,118
1175,145
1176,172
1177,191
1178,209
1179,222
1180,234
1181,242
1182,244
1183,246
1184,247
1185,247
1186,246
1187,245
1188,244
1189,243
1190,240
1191,233
1192,223
1193,211
1194,193
1195,177
1196,162
1197,147
1198,131
1199,114
1200,95
1201,75
1202,56
1203,39
1204,26
1205,13
1206,-1
1207,-20
1208,-36
1209,-49
1210,-60
1211,-69
1212,-75
1213,-79
1214,-84
1215,-88
1216,-92
1217,-95
1218,-97
1219,-98
1220,-98
1221,-98
1222,-97
1223,-96
1224,-93
1225,-89
1226,-86
1227,-83
1228,-81
1229,-80
1230,-78
1231,-76
1232,-74
1233,-72
1234,-71
1235,-69
1236,-67
1237,-65
1238,-61
1239,-56
1240,-51
1241,-48
1242,-47
1243,-45
1244,-44
1245,-44
1246,-46
1247,-48
1248,-50
1249,-52
1250,-54
1251,-56
1252,-56
1253,-55
1254,-53
1255,-50
1256,-46
1257,-41
1258,-37
1259,-33
1260,-27
1261,-18
1262,-9
1263,-1
1264,2
1265,5
1266,7
1267,10
1268,13
1269,17
1270,19
1271,18
1272,13
1273,5
1274,-5
1275,-15
1276,-29
1277,-41
1278,-52
1279,-65
1280,-80
1281,-93
1282,-107
1283,-121
1284,-137
1285,-149
1286,-159
1287,-167
1288,-175
1289,-181
1290,-184
1291,-186
1292,-189
1293,-191
1294,-194
1295,-198
1296,-201
1297,-204
1298,-207
1299,-208
1300,-210
1301,-211
1302,-211
1303,-209
1304,-197
1305,-144
1306,-56
1307,64
1308,214
1309,383
1310,534
1311,592
1312,570
1313,411
1314,115
1315,-239
1316,-568
1317,-801
1318,-872
1319,-873
1320,-782
1321,-660
1322,-547
1323,-456
1324,-386
1325,-329
1326,-283
1327,-256
1328,-238
1329,-228
1330,-222
1331,-218
1332,-213
1333,-206
1334,-196
1335,-182
1336,-162
1337,-148
1338,-134
1339,-120
1340,-104
1341,-90
1342,-80
1343,-72
1344,-65
1345,-56
1346,-46
1347,-33
1348,-22
1349,-12
1350,-3
1351,3
1352,9
1353,16
1354,27
1355,40
1356,55
1357,69
1358,83
1359,97
1360,113
1361,130
1362,148
1363,167
1364,185
1365,201
1366,216
1367,234
1368,252
1369,274
1370,294
1371,313
1372,320
1373,322
1374,322
1375,322
1376,321
1377,322
1378,322
1379,317
1380,309
1381,300
1382,290
1383,277
1384,264
1385,253
1386,241
1387,226
1388,210
1389,192
1390,175
1391,159
1392,137
1393,112
1394,91
1395,70
1396,47
1397,23
1398,-2
1399,-26
1400,-41
1401,-50
1402,-60
1403,-71
1404,-80
1405,-89
1406,-97
1407,-103
1408,-107
1409,-111
1410,-114
1411,-119
1412,-124
1413,-126
1414,-128
1415,-128
1416,-126
1417,-122
1418,-116
1419,-110
1420,-105
1421,-100
1422,-96
1423,-91
1424,-85
1425,-79
1426,-74
1427,-72
1428,-71
1429,-69
1430,-68
1431,-68
1432,-66
1433,-63
1434,-62
1435,-64
1436,-68
1437,-72
1438,-74
1439,-75
1440,-75
1441,-75
1442,-75
1443,-74
1444,-73
1445,-71
1446,-69
1447,-66
1448,-62
1449,-59
1450,-57
1451,-54
1452,-50
1453,-47
1454,-43
1455,-39
1456,-33
1457,-28
1458,-24
1459,-20
1460,-16
1461,-11
1462,-5
1463,0
1464,2
1465,2
1466,-1
1467,-9
1468,-19
1469,-33
1470,-54
1471,-71
1472,-88
1473,-104
1474,-121
1475,-138
1476,-153
1477,-158
1478,-161
1479,-163
1480,-164
1481,-164
1482,-165
1483,-165
1484,-162
1485,-157
1486,-151
1487,-145
1488,-141
1489,-139
1490,-137
1491,-135
1492,-133
1493,-132
1494,-130
1495,-124
1496,-98
1497,-48
1498,35
1499,153
1500,304
1501,473
1502,636
1503,736
1504,735
1505,637
1506,375
1507,18
1508,-356
1509,-653
1510,-778
1511,-790
1512,-695
1513,-545
1514,-405
1515,-299
1516,-226
1517,-173
1518,-142
1519,-120
1520,-106
1521,-94
1522,-84
1523,-79
1524,-75
1525,-73
1526,-70
1527,-66
1528,-61
1529,-57
1530,-55
1531,-52
1532,-49
1533,-47
1534,-44
1535,-40
1536,-34
1537,-28
1538,-22
1539,-17
1540,-13
1541,-9
1542,-2
1543,5
1544,13
1545,22
1546,33
1547,46
1548,56
1549,64
1550,72
1551,83
1552,96
1553,115
1554,139
1555,160
1556,174
1557,189
1558,204
1559,219
1560,236
1561,251
1562,263
1563,271
1564,277
1565,281
1566,283
1567,286
1568,288
1569,290
1570,291
1571,291
1572,287
1573,282
1574,275
1575,268
1576,258
1577,241
1578,227
1579,213
1580,199
1581,185
1582,171
1583,157
1584,142
1585,123
1586,99
1587,76
1588,56
1589,37
1590,15
1591,-4
1592,-19
1593,-39
1594,-50
1595,-55
1596,-59
1597,-62
1598,-66
1599,-70
1600,-77
1601,-83
1602,-88
1603,-92
1604,-95
1605,-98
1606,-100
1607,-102
1608,-105
1609,-109
1610,-111
1611,-113
1612,-113
1613,-114
1614,-115
1615,-116
1616,-118
1617,-119
1618,-120
1619,-121
1620,-123
1621,-125
1622,-127
1623,-129
1624,-130
1625,-132
1626,-136
1627,-140
1628,-144
1629,-149
1630,-155
1631,-162
1632,-168
1633,-172
1634,-171
1635,-169
1636,-165
1637,-161
1638,-155
1639,-147
1640,-135
1641,-115
1642,-96
1643,-80
1644,-68
1645,-57
1646,-48
1647,-41
1648,-32
1649,-19
1650,-5
1651,10
1652,27
1653,45
1654,56
1655,62
1656,66
1657,70
1658,72
1659,73
1660,73
1661,70
1662,64
1663,55
1664,44
1665,34
1666,23
1667,14
1668,7
1669,0
1670,-8
1671,-15
1672,-19
1673,-24
1674,-29
1675,-34
1676,-39
1677,-43
1678,-45
1679,-47
1680,-49
1681,-53
1682,-57
1683,-62
1684,-69
1685,-80
1686,-87
1687,-84
1688,-71
1689,-33
1690,38
1691,145
1692,287
1693,456
1694,635
1695,791
1696,853
1697,834
1698,678
1699,374
1700,-4
1701,-376
1702,-649
1703,-740
1704,-740
1705,-629
1706,-483
1707,-349
1708,-243
1709,-169
1710,-111
1711,-59
1712,-27
1713,-8
1714,1
1715,9
1716,16
1717,22
1718,29
1719,35
1720,42
1721,46
1722,48
1723,50
1724,54
1725,60
1726,66
1727,72
1728,76
1729,80
1730,83
1731,86
1732,89
1733,94
1734,99
1735,106
1736,113
1737,120
1738,124
1739,128
1740,131
1741,135
1742,141
1743,149
1744,162
1745,174
1746,185
1747,198
1748,214
1749,234
1750,252
1751,269
1752,282
1753,292
1754,298
1755,303
1756,307
1757,311
1758,314
1759,316
1760,317
1761,316
1762,315
1763,311
1764,307
1765,303
1766,299
1767,292
1768,284
1769,274
1770,258
1771,244
1772,233
1773,220
1774,204
1775,189
1776,168
1777,143
1778,119
1779,95
1780,73
1781,50
1782,25
1783,-1
1784,-25
1785,-43
1786,-63
1787,-78
1788,-87
1789,-95
1790,-106
1791,-120
1792,-133
1793,-139
1794,-142
1795,-145
1796,-147
1797,-150
1798,-154
1799,-158
1800,-161
1801,-164
1802,-166
1803,-169
1804,-170
1805,-171
1806,-171
1807,-172
1808,-172
1809,-172
1810,-172
1811,-172
1812,-171
1813,-171
1814,-171
1815,-170
1816,-169
1817,-166
1818,-164
1819,-163
1820,-164
1821,-166
1822,-166
1823,-165
1824,-165
1825,-166
1826,-166
1827,-166
1828,-165
1829,-163
1830,-161
1831,-160
1832,-159
1833,-157
1834,-154
1835,-151
1836,-148
1837,-146
1838,-143
1839,-139
1840,-136
1841,-132
1842,-128
1843,-124
1844,-121
1845,-119
1846,-119
1847,-121
1848,-125
1849,-129
1850,-134
1851,-141
1852,-148
1853,-159
1854,-176
1855,-193
1856,-211
1857,-224
1858,-234
1859,-243
1860,-250
1861,-254
1862,-256
1863,-259
1864,-261
1865,-263
1866,-265
1867,-266
1868,-267
1869,-266
1870,-266
1871,-266
1872,-266
1873,-266
1874,-267
1875,-265
1876,-262
1877,-257
1878,-249
1879,-238
1880,-198
1881,-139
1882,-49
1883,79
1884,242
1885,419
1886,565
1887,618
1888,528
1889,287
1890,-64
1891,-444
1892,-759
1893,-923
1894,-945
1895,-891
1896,-760
1897,-628
1898,-521
1899,-439
1900,-369
1901,-306
1902,-267
1903,-239
1904,-222
1905,-208
1906,-195
1907,-186
1908,-179
1909,-173
1910,-167
1911,-159
1912,-151
1913,-142
1914,-134
1915,-126
1916,-119
1917,-112
1918,-105
1919,-97
1920,-90
1921,-83
1922,-77
1923,-72
1924,-67
1925,-62
1926,-57
1927,-52
1928,-46
1929,-38
1930,-28
1931,-16
1932,-3
1933,6
1934,17
1935,32
1936,53
1937,74
1938,93
1939,110
1940,128
1941,148
1942,158
1943,165
1944,171
1945,177
1946,182
1947,187
1948,191
1949,194
1950,195
1951,195
1952,193
1953,190
1954,185
1955,180
1956,174
1957,168
1958,162
1959,155
1960,141
1961,127
1962,114
1963,101
1964,87
1965,70
1966,55
1967,42
1968,26
1969,7
1970,-9
1971,-34
1972,-60
1973,-82
1974,-106
1975,-124
1976,-135
1977,-144
1978,-152
1979,-159
1980,-166
1981,-172
1982,-177
1983,-181
1984,-184
1985,-186
1986,-187
1987,-188
1988,-189
1989,-190
1990,-192
1991,-194
1992,-196
1993,-195
1994,-192
1995,-187
1996,-180
1997,-174
1998,-169
1999,-164
2000,-159
2001,-154
2002,-148
2003,-142
2004,-136
2005,-129
2006,-122
2007,-115
2008,-109
2009,-104
2010,-100
2011,-97
2012,-96
2013,-96
2014,-96
2015,-96
2016,-96
2017,-95
2018,-94
2019,-93
2020,-92
2021,-90
2022,-88
2023,-86
2024,-84
2025,-82
2026,-78
2027,-72
2028,-61
2029,-49
2030,-40
2031,-31
2032,-19
2033,-2
2034,14
2035,31
2036,46
2037,52
2038,56
2039,60
2040,63
2041,64
2042,60
2043,51
2044,39
2045,25
2046,5
2047,-9
2048,-22
2049,-34
2050,-40
2051,-43
2052,-44
2053,-45
2054,-46
2055,-47
2056,-48
2057,-48
2058,-48
2059,-47
2060,-47
2061,-46
2062,-45
2063,-43
2064,-41
2065,-40
2066,-38
2067,-36
2068,-33
2069,-28
2070,-14
2071,18
2072,72
2073,151
2074,257
2075,385
2076,522
2077,647
2078,708
2079,699
2080,589
2081,344
2082,21
2083,-309
2084,-569
2085,-685
2086,-695
2087,-625
2088,-491
2089,-350
2090,-231
2091,-138
2092,-67
2093,-15
2094,14
2095,37
2096,53
2097,66
2098,71
2099,74
2100,74
2101,74
2102,75
2103,76
2104,78
2105,80
2106,81
2107,81
2108,81
2109,81
2110,83
2111,85
2112,88
2113,91
2114,96
2115,103
2116,111
2117,118
2118,124
2119,131
2120,139
2121,149
2122,159
2123,170
2124,183
2125,199
2126,216
2127,232
2128,248
2129,266
2130,283
2131,299
2132,316
2133,333
2134,350
2135,364
2136,371
2137,376
2138,380
2139,383
2140,384
2141,385
2142,387
2143,387
2144,385
2145,383
2146,379
2147,373
2148,366
2149,360
2150,352
2151,339
2152,328
2153,318
2154,306
2155,292
2156,276
2157,261
2158,246
2159,232
2160,213
2161,191
2162,170
2163,146
2164,120
2165,94
2166,68
2167,43
2168,24
2169,9
2170,-7
2171,-19
2172,-28
2173,-35
2174,-43
2175,-49
2176,-53
2177,-56
2178,-60
2179,-63
2180,-66
2181,-67
2182,-67
2183,-66
2184,-63
2185,-57
2186,-51
2187,-43
2188,-37
2189,-32
2190,-28
2191,-24
2192,-19
2193,-15
2194,-12
2195,-10
2196,-8
2197,-7
2198,-5
2199,-4
2200,-3
2201,-2
2202,-3
2203,-3
2204,-5
2205,-7
2206,-10
2207,-12
2208,-14
2209,-15
2210,-15
2211,-16
2212,-16
2213,-16
2214,-15
2215,-14
2216,-13
2217,-12
2218,-10
2219,-7
2220,-3
2221,0
2222,3
2223,6
2224,9
2225,12
2226,16
2227,20
2228,22
2229,23
2230,23
2231,21
2232,18
2233,14
2234,8
2235,1
2236,-5
2237,-19
2238,-33
2239,-47
2240,-60
2241,-73
2242,-86
2243,-98
2244,-106
2245,-112
2246,-117
2247,-121
2248,-124
2249,-128
2250,-133
2251,-137
2252,-141
2253,-143
2254,-147
2255,-152
2256,-157
2257,-163
2258,-168
2259,-170
2260,-172
2261,-173
2262,-172
2263,-171
2264,-168
2265,-163
2266,-144
2267,-80
2268,16
2269,153
2270,331
2271,528
2272,695
2273,760
2274,671
2275,419
2276,50
2277,-347
2278,-676
2279,-846
2280,-865
2281,-800
2282,-659
2283,-521
2284,-412
2285,-336
2286,-278
2287,-242
2288,-207
2289,-176
2290,-161
2291,-154
2292,-148
2293,-143
2294,-136
2295,-130
2296,-124
2297,-117
2298,-112
2299,-109
2300,-107
2301,-105
2302,-102
2303,-98
2304,-94
2305,-91
2306,-88
2307,-86
2308,-83
2309,-80
2310,-76
2311,-71
2312,-60
2313,-49
2314,-39
2315,-29
2316,-19
2317,-8
2318,3
2319,17
2320,33
2321,50
2322,67
2323,84
2324,100
2325,122
2326,146
2327,169
2328,194
2329,216
2330,232
2331,248
2332,257
2333,262
2334,267
2335,270
2336,273
2337,275
2338,276
2339,276
2340,275
2341,274
2342,270
2343,265
2344,259
2345,253
2346,244
2347,226
2348,213
2349,199
2350,186
2351,173
2352,157
2353,136
2354,115
2355,92
2356,72
2357,56
2358,42
2359,24
2360,2
2361,-16
2362,-30
2363,-45
2364,-51
2365,-55
2366,-57
2367,-59
2368,-61
2369,-63
2370,-65
2371,-66
2372,-67
2373,-66
2374,-65
2375,-64
2376,-62
2377,-60
2378,-57
2379,-54
2380,-52
2381,-50
2382,-47
2383,-44
2384,-41
2385,-37
2386,-34
2387,-30
2388,-27
2389,-25
2390,-24
2391,-22
2392,-21
2393,-20
2394,-20
2395,-20
2396,-20
2397,-20
2398,-20
2399,-20
2400,-21
2401,-21
2402,-22
2403,-22
2404,-21
2405,-19
2406,-15
2407,-12
2408,-8
2409,-3
2410,5
2411,14
2412,20
2413,24
2414,28
2415,33
2416,37
2417,42
2418,46
2419,50
2420,53
2421,55
2422,57
2423,59
2424,62
2425,67
2426,72
2427,75
2428,74
2429,68
2430,58
2431,41
2432,15
2433,-8
2434,-30
2435,-47
2436,-60
2437,-75
2438,-90
2439,-104
2440,-124
2441,-140
2442,-153
2443,-161
2444,-164
2445,-166
2446,-168
2447,-169
2448,-171
2449,-173
2450,-174
2451,-176
2452,-178
2453,-182
2454,-186
2455,-190
2456,-196
2457,-204
2458,-218
2459,-221
2460,-215
2461,-194
2462,-136
2463,-41
2464,97
2465,279
2466,483
2467,677
2468,787
2469,751
2470,540
2471,178
2472,-250
2473,-640
2474,-893
2475,-967
2476,-895
2477,-752
2478,-600
2479,-478
2480,-402
2481,-348
2482,-302
2483,-273
2484,-251
2485,-237
2486,-225
2487,-214
2488,-203
2489,-194
2490,-186
2491,-180
2492,-177
2493,-176
2494,-175
2495,-173
2496,-171
2497,-168
2498,-164
2499,-161
2500,-159
2501,-158
2502,-156
2503,-154
2504,-152
2505,-149
2506,-144
2507,-139
2508,-134
2509,-128
2510,-124
2511,-120
2512,-116
2513,-110
2514,-95
2515,-72
2516,-54
2517,-35
2518,-16
2519,3
2520,22
2521,41
2522,61
2523,82
2524,105
2525,128
2526,151
2527,174
2528,195
2529,209
2530,219
2531,224
2532,228
2533,231
2534,234
2535,236
2536,236
2537,234
2538,230
2539,224
2540,217
2541,210
2542,200
2543,181
2544,167
2545,148
2546,123
2547,95
2548,67
2549,44
2550,26
2551,9
2552,-7
2553,-24
2554,-41
2555,-57
2556,-71
2557,-86
2558,-100
2559,-112
2560,-123
2561,-131
2562,-138
2563,-144
2564,-148
2565,-150
2566,-152
2567,-154
2568,-156
2569,-159
2570,-160
2571,-160
2572,-159
2573,-158
2574,-156
2575,-154
2576,-152
2577,-149
2578,-146
2579,-144
2580,-142
2581,-140
2582,-138
2583,-135
2584,-133
2585,-131
2586,-130
2587,-129
2588,-128
2589,-128
2590,-128
2591,-128
2592,-128
2593,-128
2594,-129
2595,-130
2596,-131
2597,-133
2598,-134
2599,-135
2600,-135
2601,-135
2602,-134
2603,-134
2604,-132
2605,-131
2606,-129
2607,-128
2608,-127
2609,-125
2610,-123
2611,-120
2612,-115
2613,-110
2614,-102
2615,-93
2616,-84
2617,-76
2618,-70
2619,-65
2620,-60
2621,-55
2622,-50
2623,-46
2624,-44
2625,-45
2626,-49
2627,-56
2628,-65
2629,-77
2630,-97
2631,-117
2632,-132
2633,-143
2634,-153
2635,-163
2636,-172
2637,-178
2638,-184
2639,-189
2640,-193
2641,-198
2642,-204
2643,-209
2644,-214
2645,-219
2646,-224
2647,-229
2648,-235
2649,-241
2650,-246
2651,-249
2652,-250
2653,-250
2654,-249
2655,-246
2656,-242
2657,-235
2658,-211
2659,-154
2660,-68
2661,56
2662,222
2663,414
2664,567
2665,622
2666,530
2667,271
2668,-106
2669,-510
2670,-842
2671,-1004
2672,-1020
2673,-940
2674,-789
2675,-643
2676,-526
2677,-424
2678,-345
2679,-284
2680,-241
2681,-228
2682,-223
2683,-218
2684,-212
2685,-207
2686,-202
2687,-195
2688,-186
2689,-175
2690,-162
2691,-155
2692,-149
2693,-144
2694,-140
2695,-136
2696,-132
2697,-130
2698,-128
2699,-126
2700,-124
2701,-121
2702,-117
2703,-112
2704,-103
2705,-93
2706,-83
2707,-74
2708,-66
2709,-58
2710,-48
2711,-38
2712,-25
2713,-7
2714,7
2715,23
2716,39
2717,56
2718,77
2719,105
2720,129
2721,148
2722,168
2723,179
2724,186
2725,191
2726,196
2727,199
2728,201
2729,203
2730,203
2731,204
2732,202
2733,200
2734,196
2735,191
2736,185
2737,178
2738,168
2739,148
2740,131
2741,114
2742,96
2743,81
2744,62
2745,39
2746,19
2747,-3
2748,-23
2749,-38
2750,-52
2751,-70
2752,-94
2753,-113
2754,-127
2755,-140
2756,-150
2757,-159
2758,-165
2759,-170
2760,-173
2761,-176
2762,-177
2763,-179
2764,-180
2765,-181
2766,-183
2767,-184
2768,-184
2769,-184
2770,-184
2771,-182
2772,-178
2773,-173
2774,-167
2775,-160
2776,-155
2777,-150
2778,-147
2779,-144
2780,-142
2781,-139
2782,-137
2783,-134
2784,-131
2785,-129
2786,-126
2787,-124
2788,-121
2789,-120
2790,-119
2791,-118
2792,-117
2793,-116
2794,-115
2795,-114
2796,-113
2797,-112
2798,-110
2799,-108
2800,-106
2801,-104
2802,-101
2803,-99
2804,-98
2805,-96
2806,-95
2807,-93
2808,-90
2809,-86
2810,-79
2811,-66
2812,-54
2813,-41
2814,-31
2815,-21
2816,-14
2817,-10
2818,-7
2819,-5
2820,-3
2821,0
2822,1
2823,2
2824,0
2825,-7
2826,-16
2827,-26
2828,-40
2829,-53
2830,-66
2831,-81
2832,-98
2833,-115
2834,-127
2835,-136
2836,-143
2837,-147
2838,-150
2839,-152
2840,-152
2841,-153
2842,-154
2843,-156
2844,-158
2845,-160
2846,-162
2847,-164
2848,-163
2849,-163
2850,-162
2851,-160
2852,-157
2853,-153
2854,-147
2855,-139
2856,-109
2857,-39
2858,63
2859,202
2860,371
2861,541
2862,650
2863,653
2864,550
2865,279
2866,-80
2867,-440
2868,-716
2869,-820
2870,-820
2871,-718
2872,-568
2873,-431
2874,-328
2875,-250
2876,-194
2877,-152
2878,-126
2879,-105
2880,-90
2881,-77
2882,-64
2883,-51
2884,-34
2885,-22
2886,-14
2887,-7
2888,-1
2889,3
2890,8
2891,12
2892,16
2893,20
2894,25
2895,29
2896,34
2897,38
2898,44
2899,50
2900,56
2901,63
2902,70
2903,77
2904,85
2905,93
2906,102
2907,110
2908,119
2909,137
2910,161
2911,178
2912,192
2913,207
2914,222
2915,237
2916,253
2917,269
2918,285
2919,298
2920,311
2921,324
2922,342
2923,353
2924,360
2925,365
2926,370
2927,373
2928,374
2929,373
2930,371
2931,367
2932,363
2933,357
2934,349
2935,334
2936,322
2937,307
2938,287
2939,267
2940,245
2941,223
2942,200
2943,177
2944,154
2945,129
2946,106
2947,83
2948,61
2949,41
2950,18
2951,0
2952,-11
2953,-20
2954,-28
2955,-37
2956,-45
2957,-55
2958,-66
2959,-73
2960,-78
2961,-82
2962,-85
2963,-87
2964,-88
2965,-88
2966,-87
2967,-84
2968,-81
2969,-77
2970,-72
2971,-66
2972,-59
2973,-51
2974,-42
2975,-34
2976,-26
2977,-18
2978,-10
2979,-3
2980,1
2981,5
2982,8
2983,9
2984,10
2985,11
2986,12
2987,12
2988,12
2989,12
2990,12
2991,12
2992,12
2993,11
2994,11
2995,10
2996,9
2997,8
2998,7
2999,7
3000,7
3001,7
3002,9
3003,11
3004,13
3005,15
3006,17
3007,19
3008,20
3009,22
3010,25
3011,28
3012,34
3013,42
3014,51
3015,58
3016,66
3017,73
3018,79
3019,84
3020,89
3021,94
3022,98
3023,99
3024,97
3025,92
3026,86
3027,78
3028,68
3029,53
3030,40
3031,29
3032,17
3033,1
3034,-12
3035,-22
3036,-30
3037,-35
3038,-41
3039,-47
3040,-51
3041,-54
3042,-57
3043,-60
3044,-63
3045,-65
3046,-67
3047,-68
3048,-69
3049,-69
3050,-69
3051,-68
3052,-65
3053,-61
3054,-56
3055,-46
3056,-14
3057,41
3058,127
3059,246
3060,398
3061,570
3062,731
3063,804
3064,790
3065,642
3066,341
3067,-33
3068,-391
3069,-643
3070,-736
3071,-683
3072,-555
3073,-417
3074,-300
3075,-216
3076,-149
3077,-92
3078,-40
3079,-15
3080,-5
3081,0
3082,2
3083,6
3084,11
3085,17
3086,22
3087,26
3088,30
3089,34
3090,38
3091,43
3092,47
3093,52
3094,56
3095,60
3096,63
3097,67
3098,71
3099,77
3100,82
3101,87
3102,91
3103,95
3104,99
3105,102
3106,107
3107,116
3108,132
3109,148
3110,160
3111,169
3112,178
3113,186
3114,195
3115,211
3116,234
3117,256
3118,277
3119,297
3120,319
3121,340
3122,355
3123,363
3124,368
3125,371
3126,374
3127,377
3128,378
3129,378
3130,375
3131,370
3132,363
3133,355
3134,343
3135,323
3136,308
3137,288
3138,261
3139,233
3140,204
3141,174
3142,147
3143,122
3144,95
3145,66
3146,37
3147,5
3148,-23
3149,-45
3150,-62
3151,-80
3152,-97
3153,-115
3154,-132
3155,-143
3156,-151
3157,-159
3158,-169
3159,-180
3160,-190
3161,-196
3162,-202
3163,-207
3164,-212
3165,-216
3166,-220
3167,-223
3168,-226
3169,-228
3170,-229
3171,-229
3172,-227
3173,-223
3174,-219
3175,-214
3176,-208
3177,-203
3178,-198
3179,-194
3180,-191
3181,-188
3182,-184
3183,-181
3184,-178
3185,-174
3186,-171
3187,-168
3188,-166
3189,-164
3190,-164
3191,-164
3192,-164
3193,-165
3194,-165
3195,-166
3196,-166
3197,-166
3198,-166
3199,-167
3200,-167
3201,-169
3202,-170
3203,-172
3204,-174
3205,-175
3206,-175
3207,-174
3208,-173
3209,-170
3210,-167
3211,-165
3212,-162
3213,-160
3214,-157
3215,-155
3216,-151
3217,-145
3218,-137
3219,-128
3220,-120
3221,-112
3222,-104
3223,-96
3224,-90
3225,-84
3226,-79
3227,-74
3228,-69
3229,-65
3230,-62
3231,-61
3232,-63
3233,-66
3234,-71
3235,-77
3236,-84
3237,-93
3238,-109
3239,-124
3240,-137
3241,-152
3242,-170
3243,-194
3244,-205
3245,-211
3246,-216
3247,-220
3248,-224
3249,-227
3250,-229
3251,-231
3252,-234
3253,-236
3254,-238
3255,-239
3256,-238
3257,-237
3258,-236
3259,-234
3260,-231
3261,-226
3262,-221
3263,-214
3264,-205
3265,-162
3266,-87
3267,23
3268,185
3269,393
3270,617
3271,795
3272,843
3273,711
3274,401
3275,-24
3276,-455
3277,-782
3278,-909
3279,-913
3280,-811
3281,-660
3282,-521
3283,-419
3284,-350
3285,-302
3286,-270
3287,-243
3288,-227
3289,-215
3290,-206
3291,-195
3292,-184
3293,-172
3294,-160
3295,-149
3296,-140
3297,-130
3298,-119
3299,-107
3300,-93
3301,-78
3302,-64
3303,-52
3304,-38
3305,-22
3306,-3
3307,6
3308,12
3309,16
3310,21
3311,24
3312,28
3313,31
3314,34
3315,37
3316,42
3317,48
3318,58
3319,76
3320,96
3321,115
3322,135
3323,155
3324,174
3325,194
3326,211
3327,234
3328,263
3329,288
3330,307
3331,323
3332,331
3333,338
3334,342
3335,345
3336,347
3337,348
3338,347
3339,344
3340,340
3341,335
3342,328
3343,317
3344,298
3345,282
3346,260
3347,235
3348,210
3349,183
3350,158
3351,140
3352,119
3353,98
3354,77
3355,58
3356,31
3357,2
3358,-19
3359,-35
3360,-50
3361,-64
3362,-79
3363,-98
3364,-113
3365,-124
3366,-135
3367,-146
3368,-156
3369,-162
3370,-167
3371,-172
3372,-176
3373,-179
3374,-181
3375,-181
3376,-179
3377,-175
3378,-169
3379,-162
3380,-156
3381,-150
3382,-145
3383,-141
3384,-136
3385,-132
3386,-127
3387,-122
3388,-118
3389,-115
3390,-113
3391,-111
3392,-109
3393,-108
3394,-108
3395,-107
3396,-106
3397,-106
3398,-105
3399,-103
3400,-102
3401,-101
3402,-100
3403,-100
3404,-101
3405,-101
3406,-103
3407,-105
3408,-108
3409,-110
3410,-112
3411,-114
3412,-115
3413,-115
3414,-114
3415,-113
3416,-111
3417,-110
3418,-108
3419,-107
3420,-105
3421,-103
3422,-100
3423,-95
3424,-88
3425,-78
3426,-68
3427,-57
3428,-47
3429,-38
3430,-32
3431,-27
3432,-22
3433,-18
3434,-14
3435,-12
3436,-10
3437,-10
3438,-12
3439,-14
3440,-18
3441,-23
3442,-29
3443,-35
3444,-43
3445,-51
3446,-60
3447,-68
3448,-76
3449,-84
3450,-92
3451,-100
3452,-105
3453,-109
3454,-111
3455,-113
3456,-115
3457,-116
3458,-118
3459,-119
3460,-121
3461,-123
3462,-123
3463,-124
3464,-124
3465,-123
3466,-120
3467,-116
3468,-110
3469,-102
3470,-73
3471,-16
3472,69
3473,192
3474,357
3475,549
3476,727
3477,825
3478,780
3479,574
3480,240
3481,-145
3482,-489
3483,-708
3484,-776
3485,-714
3486,-585
3487,-450
3488,-342
3489,-267
3490,-212
3491,-165
3492,-119
3493,-90
3494,-60
3495,-31
3496,-19
3497,-14
3498,-10
3499,-7
3500,-5
3501,-3
3502,0
3503,2
3504,6
3505,8
3506,10
3507,12
3508,15
3509,20
3510,26
3511,34
3512,42
3513,50
3514,58
3515,65
3516,71
3517,77
3518,83
3519,89
3520,95
3521,101
3522,109
3523,121
3524,134
3525,147
3526,162
3527,180
3528,199
3529,219
3530,238
3531,255
3532,277
3533,303
3534,325
3535,351
3536,371
3537,384
3538,391
3539,395
3540,398
3541,401
3542,404
3543,406
3544,405
3545,402
3546,395
3547,386
3548,375
3549,361
3550,349
3551,339
3552,323
3553,302
3554,281
3555,260
3556,239
3557,217
3558,195
3559,172
3560,148
3561,121
3562,98
3563,80
3564,59
3565,42
3566,27
3567,11
3568,-5
3569,-14
3570,-21
3571,-27
3572,-33
3573,-38
3574,-42
3575,-45
3576,-47
3577,-48
3578,-48
3579,-49
3580,-48
3581,-48
3582,-47
3583,-46
3584,-45
3585,-45
3586,-44
3587,-43
3588,-42
3589,-40
3590,-34
3591,-26
3592,-17
3593,-9
3594,-4
3595,0
3596,4
3597,8
3598,11
3599,13
3600,15
3601,17
3602,18
3603,20
3604,21
3605,21
3606,21
3607,19
3608,16
3609,13
3610,10
3611,6
3612,3
3613,0
3614,-1
3615,-2
3616,-3
3617,-4
3618,-6
3619,-8
3620,-11
3621,-13
3622,-15
3623,-15
3624,-12
3625,-7
3626,0
3627,8
3628,16
3629,23
3630,30
3631,38
3632,46
3633,52
3634,57
3635,62
3636,69
3637,77
3638,87
3639,95
3640,98
3641,100
3642,101
3643,104
3644,106
3645,107
3646,103
3647,94
3648,83
3649,70
3650,53
3651,35
3652,18
3653,4
3654,-6
3655,-14
3656,-22
3657,-28
3658,-33
3659,-37
3660,-41
3661,-44
3662,-49
3663,-53
3664,-56
3665,-59
3666,-60
3667,-60
3668,-61
3669,-61
3670,-61
3671,-60
3672,-58
3673,-55
3674,-50
3675,-43
3676,-34
3677,9
3678,80
3679,184
3680,330
3681,507
3682,690
3683,820
3684,830
3685,750
3686,487
3687,121
3688,-259
3689,-559
3690,-685
3691,-692
3692,-606
3693,-463
3694,-331
3695,-239
3696,-184
3697,-151
3698,-120
3699,-87
3700,-64
3701,-52
3702,-41
3703,-29
3704,-19
3705,-14
3706,-10
3707,-6
3708,-3
3709,-1
3710,0
3711,0
3712,2
3713,3
3714,6
3715,8
3716,11
3717,12
3718,14
3719,15
3720,17
3721,18
3722,20
3723,24
3724,28
3725,34
3726,42
3727,49
3728,57
3729,65
3730,74
3731,84
3732,94
3733,105
3734,119
3735,136
3736,153
3737,174
3738,201
3739,227
3740,254
3741,276
3742,289
3743,301
3744,310
3745,316
3746,322
3747,327
3748,331
3749,333
3750,334
3751,333
3752,329
3753,324
3754,318
3755,311
3756,303
3757,290
3758,268
3759,249
3760,231
3761,213
3762,195
3763,171
3764,145
3765,123
3766,99
3767,74
3768,45
3769,19
3770,0
3771,-23
3772,-44
3773,-61
3774,-77
3775,-91
3776,-105
3777,-119
3778,-130
3779,-139
3780,-147
3781,-151
3782,-154
3783,-157
3784,-160
3785,-162
3786,-164
3787,-166
3788,-167
3789,-168
3790,-169
3791,-169
3792,-168
3793,-167
3794,-165
3795,-164
3796,-162
3797,-159
3798,-156
3799,-153
3800,-150
3801,-148
3802,-146
3803,-144
3804,-143
3805,-142
3806,-141
3807,-140
3808,-139
3809,-139
3810,-138
3811,-138
3812,-138
3813,-138
3814,-139
3815,-139
3816,-139
3817,-140
3818,-140
3819,-142
3820,-143
3821,-145
3822,-146
3823,-148
3824,-150
3825,-151
3826,-153
3827,-156
3828,-158
3829,-159
3830,-160
3831,-160
3832,-160
3833,-158
3834,-156
3835,-154
3836,-152
3837,-149
3838,-146
3839,-143
3840,-140
3841,-137
3842,-133
3843,-129
3844,-123
3845,-116
3846,-109
3847,-103
3848,-98
3849,-93
3850,-87
3851,-80
3852,-72
3853,-62
3854,-51
3855,-42
3856,-33
3857,-26
3858,-21
3859,-16
3860,-11
3861,-6
3862,-4
3863,-7
3864,-14
3865,-25
3866,-38
3867,-52
3868,-71
3869,-88
3870,-102
3871,-115
3872,-126
3873,-136
3874,-144
3875,-150
3876,-154
3877,-158
3878,-159
3879,-160
3880,-160
3881,-159
3882,-160
3883,-161
3884,-163
3885,-166
3886,-168
3887,-169
3888,-169
3889,-169
3890,-168
3891,-167
3892,-164
3893,-161
3894,-156
3895,-129
3896,-42
3897,84
3898,250
3899,448
3900,659
3901,839
3902,929
3903,880
3904,673
3905,338
3906,-53
3907,-399
3908,-615
3909,-667
3910,-582
3911,-434
3912,-283
3913,-160
3914,-74
3915,-12
3916,26
3917,65
3918,101
3919,124
3920,137
3921,150
3922,165
3923,179
3924,186
3925,191
3926,196
3927,200
3928,202
3929,202
3930,203
3931,203
3932,203
3933,203
3934,204
3935,204
3936,204
3937,204
3938,205
3939,206
3940,207
3941,208
3942,210
3943,213
3944,217
3945,223
3946,232
3947,242
3948,252
3949,260
3950,268
3951,277
3952,287
3953,300
3954,313
3955,327
3956,344
3957,364
3958,389
3959,407
3960,421
3961,432
3962,436
3963,438
3964,439
3965,439
3966,440
3967,442
3968,443
3969,443
3970,440
3971,434
3972,425
3973,414
3974,400
3975,378
3976,360
3977,342
3978,323
3979,303
3980,277
3981,247
3982,219
3983,192
3984,163
3985,133
3986,100
3987,69
3988,37
3989,7
3990,-12
3991,-25
3992,-38
3993,-52
3994,-65
3995,-78
3996,-89
3997,-101
3998,-110
3999,-114
4000,-116
4001,-119
4002,-123
4003,-126
4004,-130
4005,-133
4006,-136
4007,-137
4008,-135
4009,-133
4010,-130
4011,-126
4012,-122
4013,-119
4014,-117
4015,-115
4016,-113
4017,-110
4018,-107
4019,-104
4020,-101
4021,-98
4022,-96
4023,-95
4024,-94
4025,-94
4026,-94
4027,-95
4028,-96
4029,-97
4030,-97
4031,-98
4032,-99
4033,-101
4034,-102
4035,-104
4036,-107
4037,-110
4038,-113
4039,-117
4040,-120
4041,-124
4042,-126
4043,-129
4044,-131
4045,-133
4046,-134
4047,-136
4048,-137
4049,-138
4050,-139
4051,-140
4052,-141
4053,-142
4054,-142
4055,-141
4056,-139
4057,-137
4058,-134
4059,-130
4060,-126
4061,-121
4062,-117
4063,-114
4064,-111
4065,-107
4066,-102
4067,-95
4068,-87
4069,-80
4070,-72
4071,-64
4072,-56
4073,-48
4074,-41
4075,-35
4076,-30
4077,-26
4078,-23
4079,-22
4080,-21
4081,-23
4082,-27
4083,-33
4084,-40
4085,-49
4086,-63
4087,-87
4088,-104
4089,-121
4090,-138
4091,-159
4092,-176
4093,-192
4094,-205
4095,-218
4096,-224
4097,-228
4098,-231
4099,-233
4100,-236
4101,-240
4102,-243
4103,-245
4104,-246
4105,-247
4106,-247
4107,-247
4108,-247
4109,-245
4110,-242
4111,-238
4112,-233
4113,-226
4114,-188
4115,-119
4116,-14
4117,135
4118,325
4119,531
4120,705
4121,774
4122,686
4123,426
4124,39
4125,-380
4126,-727
4127,-901
4128,-920
4129,-850
4130,-701
4131,-556
4132,-438
4133,-353
4134,-288
4135,-235
4136,-200
4137,-175
4138,-162
4139,-150
4140,-138
4141,-128
4142,-123
4143,-120
4144,-118
4145,-115
4146,-112
4147,-108
4148,-105
4149,-102
4150,-99
4151,-97
4152,-93
4153,-89
4154,-85
4155,-81
4156,-75
4157,-67
4158,-60
4159,-54
4160,-48
4161,-42
4162,-36
4163,-28
4164,-18
4165,-8
4166,1
4167,14
4168,30
4169,49
4170,69
4171,89
4172,108
4173,127
4174,147
4175,166
4176,187
4177,208
4178,227
4179,243
4180,256
4181,264
4182,268
4183,271
4184,274
4185,277
4186,279
4187,280
4188,280
4189,278
4190,273
4191,267
4192,259
4193,248
4194,231
4195,214
4196,197
4197,181
4198,164
4199,146
4200,127
4201,106
4202,77
4203,44
4204,14
4205,-13
4206,-39
4207,-65
4208,-86
4209,-103
4210,-124
4211,-137
4212,-147
4213,-154
4214,-160
4215,-165
4216,-171
4217,-176
4218,-181
4219,-184
4220,-187
4221,-191
4222,-194
4223,-196
4224,-197
4225,-198
4226,-199
4227,-200
4228,-201
4229,-202
4230,-200
4231,-198
4232,-193
4233,-189
4234,-184
4235,-179
4236,-174
4237,-170
4238,-167
4239,-164
4240,-161
4241,-155
4242,-149
4243,-142
4244,-136
4245,-132
4246,-130
4247,-129
4248,-128
4249,-128
4250,-128
4251,-128
4252,-129
4253,-129
4254,-129
4255,-130
4256,-131
4257,-132
4258,-134
4259,-136
4260,-137
4261,-138
4262,-139
4263,-140
4264,-142
4265,-143
4266,-143
4267,-143
4268,-143
4269,-141
4270,-139
4271,-136
4272,-132
4273,-128
4274,-125
4275,-122
4276,-119
4277,-116
4278,-112
4279,-106
4280,-99
4281,-92
4282,-85
4283,-79
4284,-74
4285,-68
4286,-63
4287,-54
4288,-40
4289,-23
4290,-13
4291,-7
4292,-1
4293,2
4294,5
4295,6
4296,4
4297,0
4298,-8
4299,-18
4300,-29
4301,-46
4302,-60
4303,-71
4304,-83
4305,-94
4306,-105
4307,-117
4308,-123
4309,-128
4310,-132
4311,-136
4312,-139
4313,-142
4314,-143
4315,-145
4316,-146
4317,-147
4318,-148
4319,-148
4320,-148
4321,-148
4322,-147
4323,-145
4324,-142
4325,-138
4326,-133
4327,-108
4328,-52
4329,33
4330,156
4331,317
4332,497
4333,658
4334,742
4335,698
4336,502
4337,181
4338,-194
4339,-532
4340,-748
4341,-807
4342,-743
4343,-616
4344,-475
4345,-351
4346,-260
4347,-194
4348,-144
4349,-101
4350,-77
4351,-63
4352,-57
4353,-52
4354,-46
4355,-41
4356,-37
4357,-33
4358,-28
4359,-19
4360,-8
4361,4
4362,17
4363,27
4364,34
4365,40
4366,45
4367,50
4368,54
4369,58
4370,63
4371,68
4372,73
4373,78
4374,83
4375,88
4376,93
4377,100
4378,111
4379,128
4380,143
4381,156
4382,167
4383,179
4384,191
4385,205
4386,223
4387,244
4388,265
4389,286
4390,304
4391,321
4392,337
4393,352
4394,360
4395,367
4396,373
4397,377
4398,379
4399,380
4400,380
4401,377
4402,373
4403,368
4404,363
4405,355
4406,344
4407,324
4408,306
4409,281
4410,253
4411,231
4412,214
4413,200
4414,182
4415,158
4416,135
4417,111
4418,86
4419,63
4420,42
4421,23
4422,4
4423,-17
4424,-35
4425,-47
4426,-58
4427,-69
4428,-80
4429,-89
4430,-98
4431,-106
4432,-111
4433,-114
4434,-117
4435,-120
4436,-122
4437,-124
4438,-125
4439,-125
4440,-125
4441,-124
4442,-121
4443,-118
4444,-114
4445,-111
4446,-107
4447,-104
4448,-100
4449,-96
4450,-92
4451,-86
4452,-80
4453,-74
4454,-69
4455,-65
4456,-62
4457,-59
4458,-57
4459,-56
4460,-54
4461,-52
4462,-51
4463,-51
4464,-50
4465,-49
4466,-48
4467,-47
4468,-46
4469,-47
4470,-48
4471,-51
4472,-53
4473,-56
4474,-59
4475,-62
4476,-64
4477,-67
4478,-70
4479,-73
4480,-76
4481,-80
4482,-85
4483,-89
4484,-92
4485,-92
4486,-90
4487,-86
4488,-81
4489,-75
4490,-67
4491,-59
4492,-48
4493,-37
4494,-29
4495,-21
4496,-14
4497,-7
4498,-1
4499,5
4500,11
4501,17
4502,22
4503,27
4504,31
4505,34
4506,35
4507,33
4508,28
4509,23
4510,16
4511,9
4512,-3
4513,-15
4514,-28
4515,-39
4516,-49
4517,-57
4518,-64
4519,-70
4520,-77
4521,-85
4522,-94
4523,-103
4524,-108
4525,-112
4526,-114
4527,-116
4528,-118
4529,-120
4530,-122
4531,-125
4532,-126
4533,-126
4534,-126
4535,-124
4536,-120
4537,-115
4538,-108
4539,-98
4540,-56
4541,18
4542,125
4543,265
4544,426
4545,589
4546,701
4547,707
4548,625
4549,369
4550,11
4551,-365
4552,-661
4553,-780
4554,-782
4555,-677
4556,-520
4557,-380
4558,-285
4559,-224
4560,-176
4561,-142
4562,-118
4563,-106
4564,-97
4565,-89
4566,-82
4567,-72
4568,-59
4569,-45
4570,-38
4571,-34
4572,-31
4573,-29
4574,-27
4575,-25
4576,-23
4577,-19
4578,-16
4579,-14
4580,-11
4581,-8
4582,-4
4583,0
4584,10
4585,20
4586,27
4587,34
4588,43
4589,53
4590,64
4591,75
4592,86
4593,96
4594,107
4595,117
4596,135
4597,158
4598,179
4599,201
4600,218
4601,232
4602,245
4603,262
4604,286
4605,305
4606,316
4607,325
4608,333
4609,338
4610,342
4611,345
4612,348
4613,352
4614,353
4615,353
4616,350
4617,344
4618,337
4619,324
4620,303
4621,282
4622,260
4623,238
4624,217
4625,196
4626,174
4627,151
4628,127
4629,102
4630,78
4631,55
4632,34
4633,14
4634,-8
4635,-29
4636,-44
4637,-61
4638,-77
4639,-91
4640,-105
4641,-119
4642,-134
4643,-152
4644,-164
4645,-169
4646,-171
4647,-173
4648,-175
4649,-177
4650,-178
4651,-180
4652,-181
4653,-181
4654,-179
4655,-177
4656,-175
4657,-173
4658,-172
4659,-172
4660,-171
4661,-171
4662,-171
4663,-171
4664,-170
4665,-168
4666,-167
4667,-166
4668,-165
4669,-165
4670,-165
4671,-166
4672,-167
4673,-167
4674,-168
4675,-169
4676,-169
4677,-169
4678,-170
4679,-171
4680,-173
4681,-175
4682,-179
4683,-182
4684,-185
4685,-189
4686,-192
4687,-196
4688,-199
4689,-201
4690,-204
4691,-209
4692,-213
4693,-218
4694,-223
4695,-227
4696,-231
4697,-234
4698,-235
4699,-235
4700,-235
4701,-233
4702,-229
4703,-225
4704,-221
4705,-218
4706,-215
4707,-211
4708,-208
4709,-206
4710,-202
4711,-196
4712,-190
4713,-185
4714,-180
4715,-174
4716,-168
4717,-163
4718,-156
4719,-148
4720,-134
4721,-128
4722,-126
4723,-123
4724,-118
4725,-115
4726,-115
4727,-121
4728,-132
4729,-149
4730,-177
4731,-200
4732,-218
4733,-233
4734,-248
4735,-262
4736,-280
4737,-288
4738,-293
4739,-298
4740,-302
4741,-305
4742,-307
4743,-308
4744,-308
4745,-308
4746,-308
4747,-309
4748,-310
4749,-311
4750,-310
4751,-309
4752,-307
4753,-305
4754,-303
4755,-300
4756,-295
4757,-289
4758,-255
4759,-182
4760,-70
4761,89
4762,293
4763,513
4764,688
4765,740
4766,614
4767,309
4768,-103
4769,-516
4770,-822
4771,-931
4772,-931
4773,-824
4774,-678
4775,-547
4776,-445
4777,-368
4778,-309
4779,-262
4780,-236
4781,-219
4782,-211
4783,-202
4784,-192
4785,-182
4786,-171
4787,-159
4788,-149
4789,-140
4790,-132
4791,-126
4792,-119
4793,-111
4794,-103
4795,-94
4796,-84
4797,-70
4798,-58
4799,-47
4800,-38
4801,-29
4802,-22
4803,-16
4804,-10
4805,-3
4806,3
4807,12
4808,22
4809,35
4810,50
4811,64
4812,78
4813,93
4814,110
4815,133
4816,159
4817,183
4818,208
4819,234
4820,261
4821,290
4822,316
4823,342
4824,369
4825,384
4826,392
4827,397
4828,400
4829,402
4830,401
4831,399
4832,396
4833,390
4834,384
4835,376
4836,366
4837,355
4838,344
4839,334
4840,322
4841,307
4842,294
4843,276
4844,252
4845,226
4846,200
4847,173
4848,146
4849,124
4850,107
4851,88
4852,67
4853,47
4854,28
4855,13
4856,1
4857,-9
4858,-19
4859,-27
4860,-31
4861,-35
4862,-39
4863,-42
4864,-44
4865,-47
4866,-49
4867,-50
4868,-50
4869,-50
4870,-49
4871,-46
4872,-42
4873,-36
4874,-31
4875,-26
4876,-22
4877,-18
4878,-15
4879,-11
4880,-6
4881,0
4882,7
4883,14
4884,20
4885,24
4886,26
4887,27
4888,27
4889,27
4890,27
4891,27
4892,27
4893,28
4894,29
4895,31
4896,32
4897,32
4898,32
4899,30
4900,29
4901,27
4902,24
4903,22
4904,19
4905,18
4906,18
4907,18
4908,18
4909,17
4910,15
4911,13
4912,11
4913,8
4914,5
4915,3
4916,2
4917,3
4918,4
4919,6
4920,9
4921,12
4922,16
4923,21
4924,25
4925,30
4926,35
4927,42
4928,49
4929,57
4930,65
4931,72
4932,79
4933,86
4934,95
4935,106
4936,115
4937,119
4938,123
4939,127
4940,131
4941,135
4942,135
4943,128
4944,117
4945,106
4946,91
4947,76
4948,58
4949,42
4950,25
4951,10
4952,-1
4953,-16
4954,-33
4955,-54
4956,-64
4957,-69
4958,-74
4959,-78
4960,-81
4961,-82
4962,-84
4963,-85
4964,-86
4965,-86
4966,-85
4967,-84
4968,-83
4969,-82
4970,-81
4971,-80
4972,-78
4973,-76
4974,-72
4975,-52
4976,1
4977,94
4978,237
4979,432
4980,657
4981,862
4982,968
4983,911
4984,674
4985,294
4986,-137
4987,-507
4988,-740
4989,-808
4990,-740
4991,-604
4992,-454
4993,-323
4994,-226
4995,-155
4996,-104
4997,-74
4998,-56
4999,-48
5000,-40
5001,-30
5002,-20
5003,-13
5004,-7
5005,-3
5006,1
5007,8
5008,14
5009,20
5010,26
5011,32
5012,36
5013,40
5014,43
5015,46
5016,49
5017,52
5018,56
5019,60
5020,64
5021,69
5022,74
5023,79
5024,86
5025,99
5026,112
5027,125
5028,138
5029,151
5030,164
5031,177
5032,193
5033,212
5034,231
5035,251
5036,271
5037,291
5038,311
5039,330
5040,349
5041,360
5042,367
5043,372
5044,376
5045,379
5046,381
5047,381
5048,380
5049,378
5050,376
5051,373
5052,368
5053,360
5054,352
5055,340
5056,320
5057,301
5058,283
5059,265
5060,248
5061,226
5062,195
5063,163
5064,130
5065,103
5066,81
5067,59
5068,37
5069,17
5070,-7
5071,-29
5072,-47
5073,-64
5074,-80
5075,-90
5076,-98
5077,-105
5078,-113
5079,-122
5080,-130
5081,-136
5082,-142
5083,-146
5084,-149
5085,-152
5086,-155
5087,-157
5088,-160
5089,-162
5090,-163
5091,-163
5092,-161
5093,-157
5094,-151
5095,-144
5096,-137
5097,-131
5098,-125
5099,-120
5100,-117
5101,-113
5102,-109
5103,-106
5104,-104
5105,-102
5106,-101
5107,-102
5108,-102
5109,-102
5110,-103
5111,-105
5112,-106
5113,-108
5114,-109
5115,-111
5116,-114
5117,-116
5118,-117
5119,-118
5120,-119
5121,-119
5122,-118
5123,-118
5124,-119
5125,-119
5126,-120
5127,-120
5128,-120
5129,-119
5130,-118
5131,-116
5132,-115
5133,-113
5134,-111
5135,-108
5136,-106
5137,-103
5138,-100
5139,-97
5140,-93
5141,-89
5142,-85
5143,-81
5144,-74
5145,-62
5146,-48
5147,-36
5148,-26
5149,-17
5150,-10
5151,-4
5152,1
5153,5
5154,9
5155,11
5156,12
5157,10
5158,5
5159,-1
5160,-10
5161,-20
5162,-33
5163,-53
5164,-73
5165,-93
5166,-103
5167,-111
5168,-116
5169,-122
5170,-127
5171,-131
5172,-135
5173,-137
5174,-138
5175,-139
5176,-140
5177,-140
5178,-141
5179,-142
5180,-142
5181,-143
5182,-145
5183,-148
5184,-151
5185,-152
5186,-148
5187,-141
5188,-129
5189,-92
5190,-28
5191,61
5192,180
5193,327
5194,488
5195,631
5196,697
5197,646
5198,455
5199,148
5200,-210
5201,-538
5202,-762
5203,-818
5204,-808
5205,-698
5206,-564
5207,-435
5208,-329
5209,-245
5210,-181
5211,-139
5212,-114
5213,-101
5214,-91
5215,-79
5216,-67
5217,-57
5218,-48
5219,-40
5220,-30
5221,-21
5222,-12
5223,-5
5224,1
5225,5
5226,10
5227,14
5228,17
5229,21
5230,24
5231,28
5232,32
5233,36
5234,39
5235,43
5236,48
5237,54
5238,61
5239,73
5240,86
5241,98
5242,110
5243,126
5244,147
5245,165
5246,181
5247,194
5248,209
5249,225
5250,244
5251,266
5252,288
5253,307
5254,322
5255,335
5256,345
5257,351
5258,357
5259,361
5260,366
5261,369
5262,370
5263,370
5264,367
5265,361
5266,352
5267,343
5268,334
5269,321
5270,301
5271,283
5272,269
5273,246
5274,213
5275,184
5276,163
5277,143
5278,116
5279,82
5280,54
5281,33
5282,10
5283,-9
5284,-26
5285,-42
5286,-58
5287,-72
5288,-84
5289,-93
5290,-102
5291,-110
5292,-117
5293,-122
5294,-126
5295,-131
5296,-135
5297,-139
5298,-142
5299,-145
5300,-146
5301,-146
5302,-145
5303,-144
5304,-142
5305,-139
5306,-135
5307,-130
5308,-125
5309,-120
5310,-115
5311,-110
5312,-106
5313,-101
5314,-97
5315,-93
5316,-90
5317,-86
5318,-83
5319,-81
5320,-80
5321,-79
5322,-80
5323,-81
5324,-82
5325,-84
5326,-86
5327,-88
5328,-91
5329,-95
5330,-98
5331,-100
5332,-104
5333,-107
5334,-111
5335,-112
5336,-113
5337,-114
5338,-114
5339,-115
5340,-116
5341,-116
5342,-117
5343,-117
5344,-118
5345,-118
5346,-119
5347,-118
5348,-116
5349,-114
5350,-113
5351,-111
5352,-108
5353,-106
5354,-102
5355,-98
5356,-94
5357,-89
5358,-84
5359,-77
5360,-67
5361,-57
5362,-48
5363,-38
5364,-28
5365,-18
5366,-10
5367,0
5368,8
5369,15
5370,20
5371,20
5372,18
5373,13
5374,5
5375,-4
5376,-17
5377,-39
5378,-61
5379,-81
5380,-97
5381,-111
5382,-124
5383,-130
5384,-134
5385,-137
5386,-140
5387,-142
5388,-144
5389,-145
5390,-146
5391,-146
5392,-146
5393,-147
5394,-147
5395,-147
5396,-147
5397,-145
5398,-143
5399,-139
5400,-134
5401,-128
5402,-121
5403,-111
5404,-62
5405,19
5406,137
5407,291
5408,471
5409,645
5410,740
5411,735
5412,606
5413,313
5414,-57
5415,-412
5416,-667
5417,-741
5418,-734
5419,-623
5420,-484
5421,-364
5422,-278
5423,-215
5424,-175
5425,-132
5426,-94
5427,-71
5428,-59
5429,-49
5430,-39
5431,-31
5432,-24
5433,-18
5434,-12
5435,-7
5436,-3
5437,0
5438,3
5439,8
5440,14
5441,20
5442,25
5443,31
5444,36
5445,41
5446,46
5447,50
5448,55
5449,58
5450,62
5451,68
5452,74
5453,83
5454,96
5455,108
5456,119
5457,134
5458,151
5459,171
5460,191
5461,212
5462,232
5463,252
5464,272
5465,291
5466,311
5467,331
5468,352
5469,371
5470,388
5471,397
5472,401
5473,403
5474,405
5475,407
5476,409
5477,410
5478,408
5479,402
5480,394
5481,385
5482,375
5483,362
5484,348
5485,337
5486,327
5487,310
5488,281
5489,256
5490,237
5491,217
5492,191
5493,163
5494,139
5495,114
5496,91
5497,65
5498,43
5499,27
5500,13
5501,-2
5502,-17
5503,-38
5504,-49
5505,-56
5506,-62
5507,-67
5508,-71
5509,-74
5510,-76
5511,-78
5512,-81
5513,-84
5514,-87
5515,-89
5516,-90
5517,-90
5518,-90
5519,-91
5520,-90
5521,-90
5522,-89
5523,-88
5524,-87
5525,-86
5526,-83
5527,-79
5528,-74
5529,-69
5530,-65
5531,-61
5532,-57
5533,-54
5534,-51
5535,-49
5536,-47
5537,-46
5538,-44
5539,-44
5540,-46
5541,-49
5542,-53
5543,-58
5544,-64
5545,-70
5546,-75
5547,-79
5548,-82
5549,-86
5550,-88
5551,-90
5552,-92
5553,-93
5554,-94
5555,-95
5556,-96
5557,-98
5558,-99
5559,-100
5560,-101
5561,-101
5562,-101
5563,-101
5564,-100
5565,-100
5566,-99
5567,-98
5568,-98
5569,-97
5570,-95
5571,-92
5572,-90
5573,-87
5574,-84
5575,-82
5576,-79
5577,-75
5578,-71
5579,-67
5580,-61
5581,-48
5582,-36
5583,-26
5584,-18
5585,-12
5586,-6
5587,-1
5588,2
5589,4
5590,2
5591,-2
5592,-9
5593,-19
5594,-33
5595,-56
5596,-75
5597,-94
5598,-112
5599,-129
5600,-141
5601,-150
5602,-159
5603,-170
5604,-180
5605,-186
5606,-190
5607,-194
5608,-197
5609,-199
5610,-201
5611,-202
5612,-204
5613,-207
5614,-208
5615,-209
5616,-210
5617,-210
5618,-209
5619,-207
5620,-204
5621,-200
5622,-194
5623,-168
5624,-99
5625,4
5626,145
5627,319
5628,506
5629,668
5630,742
5631,676
5632,457
5633,109
5634,-285
5635,-635
5636,-853
5637,-915
5638,-849
5639,-719
5640,-578
5641,-459
5642,-369
5643,-300
5644,-246
5645,-215
5646,-198
5647,-190
5648,-183
5649,-174
5650,-165
5651,-157
5652,-151
5653,-146
5654,-141
5655,-136
5656,-132
5657,-127
5658,-122
5659,-118
5660,-113
5661,-108
5662,-102
5663,-96
5664,-88
5665,-79
5666,-71
5667,-62
5668,-53
5669,-43
5670,-34
5671,-24
5672,-16
5673,-8
5674,0
5675,8
5676,20
5677,34
5678,52
5679,75
5680,93
5681,110
5682,128
5683,144
5684,166
5685,193
5686,217
5687,235
5688,251
5689,264
5690,274
5691,285
5692,297
5693,305
5694,313
5695,319
5696,323
5697,326
5698,326
5699,323
5700,319
5701,313
5702,306
5703,298
5704,285
5705,262
5706,244
5707,221
5708,191
5709,167
5710,149
5711,131
5712,113
5713,95
5714,77
5715,53
5716,23
5717,-1
5718,-20
5719,-41
5720,-59
5721,-75
5722,-91
5723,-108
5724,-117
5725,-123
5726,-128
5727,-132
5728,-136
5729,-139
5730,-142
5731,-144
5732,-146
5733,-148
5734,-150
5735,-151
5736,-152
5737,-151
5738,-150
5739,-147
5740,-144
5741,-141
5742,-137
5743,-134
5744,-132
5745,-129
5746,-126
5747,-123
5748,-120
5749,-118
5750,-115
5751,-112
5752,-110
5753,-108
5754,-107
5755,-107
5756,-107
5757,-107
5758,-107
5759,-107
5760,-107
5761,-107
5762,-108
5763,-108
5764,-109
5765,-111
5766,-113
5767,-115
5768,-118
5769,-121
5770,-123
5771,-124
5772,-126
5773,-127
5774,-129
5775,-131
5776,-133
5777,-135
5778,-137
5779,-139
5780,-140
5781,-140
5782,-140
5783,-139
5784,-138
5785,-137
5786,-138
5787,-139
5788,-140
5789,-140
5790,-137
5791,-130
5792,-120
5793,-109
5794,-100
5795,-90
5796,-81
5797,-73
5798,-66
5799,-59
5800,-52
5801,-43
5802,-32
5803,-22
5804,-13
5805,-6
5806,0
5807,3
5808,7
5809,11
5810,14
5811,16
5812,16
5813,14
5814,8
5815,0
5816,-9
5817,-22
5818,-40
5819,-56
5820,-71
5821,-83
5822,-94
5823,-104
5824,-115
5825,-126
5826,-132
5827,-138
5828,-144
5829,-149
5830,-154
5831,-157
5832,-161
5833,-164
5834,-166
5835,-169
5836,-172
5837,-176
5838,-180
5839,-186
5840,-195
5841,-203
5842,-205
5843,-198
5844,-182
5845,-137
5846,-60
5847,52
5848,199
5849,373
5850,557
5851,713
5852,782
5853,719
5854,495
5855,141
5856,-259
5857,-612
5858,-838
5859,-895
5860,-819
5861,-679
5862,-540
5863,-433
5864,-356
5865,-291
5866,-232
5867,-195
5868,-171
5869,-160
5870,-151
5871,-142
5872,-133
5873,-127
5874,-120
5875,-115
5876,-109
5877,-104
5878,-100
5879,-94
5880,-88
5881,-81
5882,-75
5883,-69
5884,-63
5885,-57
5886,-50
5887,-43
5888,-37
5889,-33
5890,-28
5891,-22
5892,-16
5893,-8
5894,0
5895,6
5896,14
5897,23
5898,37
5899,58
5900,74
5901,95
5902,123
5903,146
5904,164
5905,181
5906,200
5907,219
5908,241
5909,264
5910,287
5911,307
5912,318
5913,325
5914,330
5915,334
5916,338
5917,340
5918,341
5919,340
5920,335
5921,329
5922,321
5923,312
5924,302
5925,286
5926,271
5927,256
5928,239
5929,218
5930,196
5931,174
5932,152
5933,133
5934,114
5935,95
5936,75
5937,49
5938,18
5939,-6
5940,-26
5941,-44
5942,-62
5943,-80
5944,-106
5945,-117
5946,-124
5947,-129
5948,-133
5949,-136
5950,-139
5951,-142
5952,-144
5953,-147
5954,-148
5955,-150
5956,-150
5957,-151
5958,-151
5959,-151
5960,-151
5961,-151
5962,-150
5963,-149
5964,-148
5965,-145
5966,-142
5967,-139
5968,-135
5969,-132
5970,-128
5971,-125
5972,-121
5973,-118
5974,-115
5975,-113
5976,-110
5977,-108
5978,-107
5979,-106
5980,-105
5981,-105
5982,-105
5983,-105
5984,-106
5985,-107
5986,-109
5987,-111
5988,-112
5989,-113
5990,-114
5991,-114
5992,-114
5993,-114
5994,-114
5995,-114
5996,-115
5997,-117
5998,-119
5999,-121
6000,-124
6001,-126
6002,-127
6003,-129
6004,-129
6005,-130
6006,-132
6007,-136
6008,-141
6009,-143
6010,-139
6011,-129
6012,-118
6013,-109
6014,-101
6015,-92
6016,-83
6017,-76
6018,-70
6019,-64
6020,-58
6021,-52
6022,-45
6023,-39
6024,-34
6025,-29
6026,-25
6027,-21
6028,-16
6029,-10
6030,-7
6031,-9
6032,-16
6033,-25
6034,-36
6035,-50
6036,-66
6037,-84
6038,-99
6039,-111
6040,-121
6041,-128
6042,-135
6043,-139
6044,-141
6045,-144
6046,-146
6047,-149
6048,-152
6049,-155
6050,-157
6051,-159
6052,-159
6053,-160
6054,-159
6055,-158
6056,-158
6057,-157
6058,-155
6059,-152
6060,-149
6061,-143
6062,-136
6063,-101
6064,-40
6065,52
6066,187
6067,361
6068,553
6069,713
6070,774
6071,684
6072,430
6073,58
6074,-341
6075,-667
6076,-825
6077,-841
6078,-769
6079,-622
6080,-480
6081,-364
6082,-278
6083,-214
6084,-162
6085,-128
6086,-97
6087,-77
6088,-61
6089,-50
6090,-41
6091,-33
6092,-25
6093,-18
6094,-11
6095,-4
6096,2
6097,9
6098,15
6099,21
6100,26
6101,32
6102,36
6103,41
6104,45
6105,49
6106,53
6107,58
6108,63
6109,67
6110,73
6111,79
6112,89
6113,104
6114,118
6115,129
6116,143
6117,159
6118,174
6119,186
6120,197
6121,208
6122,221
6123,236
6124,254
6125,275
6126,297
6127,319
6128,343
6129,355
6130,364
6131,371
6132,376
6133,380
6134,382
6135,382
6136,380
6137,378
6138,375
6139,370
6140,363
6141,355
6142,342
6143,329
6144,314
6145,292
6146,262
6147,238
6148,220
6149,202
6150,179
6151,152
6152,126
6153,100
6154,77
6155,60
6156,46
6157,28
6158,5
6159,-14
6160,-29
6161,-45
6162,-57
6163,-67
6164,-74
6165,-79
6166,-83
6167,-86
6168,-89
6169,-92
6170,-94
6171,-96
6172,-98
6173,-99
6174,-99
6175,-99
6176,-99
6177,-98
6178,-96
6179,-92
6180,-89
6181,-85
6182,-80
6183,-76
6184,-72
6185,-68
6186,-65
6187,-62
6188,-59
6189,-56
6190,-53
6191,-50
6192,-49
6193,-47
6194,-46
6195,-46
6196,-46
6197,-46
6198,-46
6199,-46
6200,-45
6201,-45
6202,-45
6203,-45
6204,-46
6205,-46
6206,-48
6207,-50
6208,-52
6209,-55
6210,-57
6211,-59
6212,-60
6213,-60
6214,-61
6215,-62
6216,-63
6217,-65
6218,-67
6219,-69
6220,-72
6221,-75
6222,-78
6223,-79
6224,-79
6225,-77
6226,-72
6227,-65
6228,-58
6229,-51
6230,-46
6231,-41
6232,-36
6233,-31
6234,-25
6235,-19
6236,-13
6237,-8
6238,-4
6239,0
6240,3
6241,8
6242,16
6243,30
6244,41
6245,48
6246,54
6247,59
6248,61
6249,60
6250,55
6251,46
6252,36
6253,20
6254,4
6255,-11
6256,-28
6257,-45
6258,-60
6259,-71
6260,-81
6261,-89
6262,-93
6263,-95
6264,-97
6265,-98
6266,-99
6267,-100
6268,-100
6269,-101
6270,-102
6271,-102
6272,-103
6273,-102
6274,-101
6275,-100
6276,-98
6277,-96
6278,-93
6279,-90
6280,-85
6281,-77
6282,-48
6283,21
6284,126
6285,269
6286,444
6287,624
6288,747
6289,754
6290,652
6291,369
6292,-4
6293,-379
6294,-660
6295,-764
6296,-765
6297,-665
6298,-518
6299,-383
6300,-282
6301,-210
6302,-157
6303,-126
6304,-102
6305,-89
6306,-77
6307,-67
6308,-56
6309,-45
6310,-35
6311,-26
6312,-22
6313,-19
6314,-17
6315,-14
6316,-11
6317,-8
6318,-4
6319,0
6320,3
6321,7
6322,12
6323,18
6324,24
6325,33
6326,43
6327,51
6328,57
6329,62
6330,67
6331,73
6332,80
6333,87
6334,94
6335,101
6336,111
6337,125
6338,142
6339,160
6340,178
6341,196
6342,215
6343,234
6344,252
6345,275
6346,302
6347,324
6348,340
6349,351
6350,357
6351,361
6352,364
6353,367
6354,368
6355,368
6356,366
6357,361
6358,355
6359,348
6360,339
6361,325
6362,313
6363,302
6364,283
6365,261
6366,242
6367,222
6368,201
6369,180
6370,157
6371,135
6372,112
6373,89
6374,64
6375,38
6376,15
6377,-2
6378,-22
6379,-43
6380,-63
6381,-80
6382,-87
6383,-90
6384,-94
6385,-97
6386,-99
6387,-101
6388,-103
6389,-105
6390,-107
6391,-108
6392,-109
6393,-110
6394,-110
6395,-110
6396,-110
6397,-110
6398,-109
6399,-108
6400,-107
6401,-106
6402,-105
6403,-104
6404,-102
6405,-100
6406,-98
6407,-97
6408,-95
6409,-93
6410,-90
6411,-88
6412,-85
6413,-83
6414,-82
6415,-81
6416,-80
6417,-79
6418,-78
6419,-77
6420,-77
6421,-77
6422,-79
6423,-82
6424,-87
6425,-92
6426,-97
6427,-101
6428,-105
6429,-108
6430,-110
6431,-112
6432,-113
6433,-113
6434,-114
6435,-114
6436,-115
6437,-116
6438,-117
6439,-119
6440,-120
6441,-121
6442,-122
6443,-123
6444,-123
6445,-123
6446,-123
6447,-123
6448,-123
6449,-122
6450,-122
6451,-121
6452,-119
6453,-116
6454,-113
6455,-110
6456,-106
6457,-101
6458,-93
6459,-84
6460,-76
6461,-69
6462,-62
6463,-55
6464,-45
6465,-33
6466,-22
6467,-11
6468,-3
6469,3
6470,8
6471,11
6472,11
6473,6
6474,-2
6475,-12
6476,-23
6477,-39
6478,-55
6479,-70
6480,-83
6481,-94
6482,-104
6483,-113
6484,-123
6485,-131
6486,-136
6487,-139
6488,-142
6489,-145
6490,-147
6491,-150
6492,-152
6493,-154
6494,-156
6495,-158
6496,-159
6497,-160
6498,-160
6499,-161
6500,-162
6501,-163
6502,-165
6503,-168
6504,-173
6505,-172
6506,-155
6507,-111
6508,-36
6509,75
6510,234
6511,433
6512,645
6513,811
6514,866
6515,751
6516,466
6517,62
6518,-358
6519,-689
6520,-835
6521,-846
6522,-760
6523,-613
6524,-476
6525,-372
6526,-295
6527,-238
6528,-191
6529,-159
6530,-132
6531,-113
6532,-96
6533,-87
6534,-81
6535,-76
6536,-73
6537,-69
6538,-66
6539,-61
6540,-56
6541,-51
6542,-47
6543,-43
6544,-38
6545,-32
6546,-26
6547,-19
6548,-12
6549,-5
6550,1
6551,7
6552,13
6553,21
6554,29
6555,38
6556,47
6557,56
6558,66
6559,78
6560,89
6561,97
6562,105
6563,117
6564,132
6565,150
6566,175
6567,203
6568,228
6569,256
6570,281
6571,299
6572,321
6573,332
6574,340
6575,347
6576,352
6577,356
6578,359
6579,359
6580,359
6581,357
6582,354
6583,350
6584,344
6585,337
6586,330
6587,318
6588,294
6589,279
6590,263
6591,248
6592,229
6593,211
6594,192
6595,174
6596,151
6597,124
6598,100
6599,72
6600,46
6601,26
6602,7
6603,-11
6604,-30
6605,-49
6606,-63
6607,-75
6608,-84
6609,-92
6610,-99
6611,-101
6612,-103
6613,-106
6614,-108
6615,-110
6616,-112
6617,-113
6618,-115
6619,-115
6620,-116
6621,-115
6622,-114
6623,-112
6624,-110
6625,-107
6626,-105
6627,-102
6628,-98
6629,-95
6630,-92
6631,-88
6632,-85
6633,-82
6634,-79
6635,-76
6636,-74
6637,-71
6638,-70
6639,-69
6640,-67
6641,-66
6642,-65
6643,-65
6644,-64
6645,-63
6646,-63
6647,-63
6648,-64
6649,-65
6650,-67
6651,-68
6652,-70
6653,-71
6654,-72
6655,-73
6656,-74
6657,-74
6658,-75
6659,-76
6660,-77
6661,-79
6662,-81
6663,-83
6664,-85
6665,-86
6666,-86
6667,-87
6668,-86
6669,-86
6670,-85
6671,-85
6672,-84
6673,-84
6674,-83
6675,-81
6676,-79
6677,-76
6678,-74
6679,-70
6680,-67
6681,-64
6682,-61
6683,-58
6684,-54
6685,-48
6686,-39
6687,-30
6688,-22
6689,-14
6690,-6
6691,1
6692,12
6693,27
6694,33
6695,36
6696,38
6697,40
6698,42
6699,44
6700,43
6701,38
6702,29
6703,17
6704,4
6705,-13
6706,-29
6707,-42
6708,-55
6709,-68
6710,-80
6711,-94
6712,-100
6713,-105
6714,-109
6715,-112
6716,-115
6717,-117
6718,-119
6719,-121
6720,-122
6721,-124
6722,-125
6723,-127
6724,-129
6725,-129
6726,-129
6727,-129
6728,-127
6729,-126
6730,-124
6731,-121
6732,-117
6733,-96
6734,-19
6735,96
6736,266
6737,484
6738,714
6739,895
6740,951
6741,828
6742,523
6743,100
6744,-337
6745,-682
6746,-834
6747,-845
6748,-753
6749,-602
6750,-463
6751,-359
6752,-288
6753,-230
6754,-193
6755,-155
6756,-117
6757,-98
6758,-89
6759,-83
6760,-78
6761,-72
6762,-67
6763,-63
6764,-59
6765,-54
6766,-49
6767,-43
6768,-38
6769,-33
6770,-27
6771,-21
6772,-14
6773,-8
6774,-3
6775,2
6776,7
6777,13
6778,19
6779,25
6780,31
6781,39
6782,50
6783,67
6784,81
6785,93
6786,105
6787,117
6788,131
6789,148
6790,165
6791,181
6792,197
6793,212
6794,231
6795,253
6796,277
6797,297
6798,313
6799,324
6800,332
6801,337
6802,341
6803,345
6804,349
6805,352
6806,354
6807,351
6808,346
6809,338
6810,328
6811,318
6812,305
6813,292
6814,281
6815,270
6816,251
6817,223
6818,198
6819,172
6820,146
6821,119
6822,92
6823,62
6824,36
6825,17
6826,1
6827,-15
6828,-31
6829,-48
6830,-65
6831,-82
6832,-98
6833,-115
6834,-132
6835,-152
6836,-165
6837,-173
6838,-180
6839,-186
6840,-190
6841,-192
6842,-193
6843,-194
6844,-195
6845,-196
6846,-196
6847,-196
6848,-196
6849,-195
6850,-195
6851,-195
6852,-194
6853,-194
6854,-193
6855,-192
6856,-190
6857,-187
6858,-184
6859,-180
6860,-176
6861,-173
6862,-170
6863,-167
6864,-166
6865,-165
6866,-164
6867,-162
6868,-161
6869,-160
6870,-159
6871,-158
6872,-158
6873,-159
6874,-160
6875,-162
6876,-165
6877,-169
6878,-173
6879,-177
6880,-181
6881,-184
6882,-187
6883,-190
6884,-192
6885,-194
6886,-196
6887,-199
6888,-202
6889,-205
6890,-207
6891,-210
6892,-212
6893,-214
6894,-215
6895,-216
6896,-217
6897,-217
6898,-217
6899,-217
6900,-216
6901,-215
6902,-214
6903,-212
6904,-209
6905,-206
6906,-204
6907,-201
6908,-197
6909,-194
6910,-191
6911,-187
6912,-180
6913,-170
6914,-161
6915,-153
6916,-143
6917,-132
6918,-119
6919,-107
6920,-97
6921,-89
6922,-83
6923,-77
6924,-73
6925,-73
6926,-77
6927,-84
6928,-92
6929,-101
6930,-112
6931,-124
6932,-136
6933,-148
6934,-159
6935,-169
6936,-179
6937,-188
6938,-197
6939,-205
6940,-210
6941,-213
6942,-217
6943,-220
6944,-222
6945,-223
6946,-225
6947,-226
6948,-228
6949,-230
6950,-231
6951,-232
6952,-231
6953,-230
6954,-229
6955,-228
6956,-226
6957,-224
6958,-222
6959,-216
6960,-198
6961,-129
6962,-27
6963,111
6964,289
6965,492
6966,685
6967,765
6968,745
6969,557
6970,207
6971,-208
6972,-592
6973,-852
6974,-949
6975,-897
6976,-763
6977,-611
6978,-478
6979,-380
6980,-309
6981,-256
6982,-226
6983,-197
6984,-171
6985,-151
6986,-136
6987,-115
6988,-102
6989,-94
6990,-87
6991,-82
6992,-77
6993,-71
6994,-65
6995,-61
6996,-55
6997,-47
6998,-39
6999,-31
7000,-22
7001,-15
7002,-7
7003,0
7004,8
7005,17
7006,25
7007,33
7008,41
7009,49
7010,57
7011,64
7012,72
7013,83
7014,95
7015,107
7016,117
7017,134
7018,158
7019,184
7020,210
7021,239
7022,266
7023,287
7024,304
7025,325
7026,337
7027,345
7028,352
7029,357
7030,360
7031,362
7032,362
7033,359
7034,355
7035,350
7036,344
7037,338
7038,330
7039,319
7040,307
7041,297
7042,287
7043,273
7044,256
7045,240
7046,219
7047,193
7048,166
7049,138
7050,110
7051,82
7052,53
7053,26
7054,0
7055,-28
7056,-50
7057,-63
7058,-77
7059,-91
7060,-98
7061,-103
7062,-108
7063,-111
7064,-115
7065,-118
7066,-121
7067,-123
7068,-125
7069,-126
7070,-128
7071,-130
7072,-131
7073,-131
7074,-131
7075,-130
7076,-130
7077,-129
7078,-129
7079,-129
7080,-130
7081,-130
7082,-130
7083,-128
7084,-125
7085,-120
7086,-113
7087,-106
7088,-99
7089,-93
7090,-90
7091,-87
7092,-86
7093,-84
7094,-83
7095,-82
7096,-81
7097,-80
7098,-79
7099,-79
7100,-79
7101,-79
7102,-80
7103,-82
7104,-83
7105,-84
7106,-86
7107,-87
7108,-88
7109,-89
7110,-89
7111,-90
7112,-91
7113,-91
7114,-91
7115,-92
7116,-92
7117,-92
7118,-91
7119,-90
7120,-89
7121,-87
7122,-85
7123,-83
7124,-80
7125,-77
7126,-74
7127,-69
7128,-65
7129,-57
7130,-35
7131,-17
7132,-2
7133,8
7134,18
7135,28
7136,38
7137,48
7138,58
7139,68
7140,79
7141,90
7142,103
7143,117
7144,128
7145,136
7146,141
7147,146
7148,148
7149,150
7150,150
7151,146
7152,139
7153,131
7154,124
7155,119
7156,113
7157,108
7158,103
7159,99
7160,96
7161,94
7162,93
7163,94
7164,98
7165,103
7166,108
7167,114
7168,119
7169,124
7170,128
7171,132
7172,136
7173,140
7174,143
7175,147
7176,150
7177,152
7178,154
7179,159
7180,168
7181,204
7182,259
7183,339
7184,447
7185,585
7186,745
7187,902
7188,1003
7189,1007
7190,922
7191,678
7192,342
7193,-9
7194,-298
7195,-445
7196,-461
7197,-397
7198,-263
7199,-130
7200,-22
7201,60
7202,125
7203,176
7204,212
7205,231
7206,237
7207,242
7208,246
7209,250
7210,252
7211,253
7212,255
7213,256
7214,259
7215,262
7216,264
7217,267
7218,269
7219,272
7220,274
7221,276
7222,278
7223,281
7224,285
7225,291
7226,298
7227,304
7228,310
7229,317
7230,323
7231,329
7232,335
7233,341
7234,348
7235,354
7236,360
7237,367
7238,374
7239,384
7240,395
7241,407
7242,420
7243,438
7244,460
7245,482
7246,504
7247,525
7248,537
7249,544
7250,549
7251,553
7252,557
7253,558
7254,556
7255,551
7256,544
7257,535
7258,525
7259,509
7260,495
7261,483
7262,468
7263,452
7264,434
7265,411
7266,385
7267,360
7268,334
7269,307
7270,279
7271,251
7272,222
7273,195
7274,167
7275,145
7276,127
7277,107
7278,86
7279,65
7280,42
7281,23
7282,7
7283,-11
7284,-31
7285,-39
7286,-43
7287,-47
7288,-50
7289,-53
7290,-56
7291,-58
7292,-59
7293,-61
7294,-62
7295,-63
7296,-63
7297,-62
7298,-62
7299,-62
7300,-61
7301,-60
7302,-59
7303,-58
7304,-58
7305,-57
7306,-56
7307,-56
7308,-55
7309,-55
7310,-55
7311,-55
7312,-55
7313,-55
7314,-54
7315,-54
7316,-53
7317,-52
7318,-52
7319,-52
7320,-51
7321,-52
7322,-53
7323,-54
7324,-55
7325,-56
7326,-57
7327,-59
7328,-61
7329,-63
7330,-65
7331,-66
7332,-68
7333,-70
7334,-71
7335,-72
7336,-73
7337,-74
7338,-75
7339,-76
7340,-78
7341,-79
7342,-80
7343,-82
7344,-82
7345,-81
7346,-80
7347,-78
7348,-75
7349,-70
7350,-65
7351,-60
7352,-55
7353,-50
7354,-45
7355,-40
7356,-33
7357,-25
7358,-17
7359,-8
7360,0
7361,6
7362,12
7363,17
7364,22
7365,27
7366,33
7367,38
7368,44
7369,48
7370,49
7371,46
7372,41
7373,33
7374,23
7375,11
7376,-6
7377,-23
7378,-40
7379,-55
7380,-68
7381,-80
7382,-92
7383,-103
7384,-109
7385,-114
7386,-118
7387,-122
7388,-126
7389,-130
7390,-132
7391,-134
7392,-136
7393,-137
7394,-139
7395,-140
7396,-142
7397,-144
7398,-147
7399,-150
7400,-153
7401,-160
7402,-158
7403,-141
7404,-96
7405,-26
7406,74
7407,209
7408,372
7409,544
7410,688
7411,751
7412,692
7413,490
7414,164
7415,-226
7416,-589
7417,-838
7418,-925
7419,-857
7420,-704
7421,-544
7422,-421
7423,-343
7424,-302
7425,-266
7426,-230
7427,-202
7428,-181
7429,-152
7430,-137
7431,-128
7432,-120
7433,-115
7434,-111
7435,-107
7436,-103
7437,-100
7438,-97
7439,-95
7440,-94
7441,-92
7442,-90
7443,-88
7444,-85
7445,-82
7446,-78
7447,-72
7448,-65
7449,-58
7450,-50
7451,-41
7452,-31
7453,-21
7454,-11
7455,-2
7456,6
7457,15
7458,25
7459,35
7460,43
7461,51
7462,59
7463,73
7464,92
7465,110
7466,130
7467,150
7468,173
7469,191
7470,204
7471,214
7472,219
7473,222
7474,224
7475,225
7476,228
7477,230
7478,232
7479,233
7480,230
7481,224
7482,215
7483,203
7484,187
7485,162
7486,142
7487,122
7488,102
7489,79
7490,54
7491,31
7492,7
7493,-16
7494,-40
7495,-64
7496,-89
7497,-112
7498,-133
7499,-153
7500,-174
7501,-194
7502,-210
7503,-224
7504,-239
7505,-254
7506,-262
7507,-267
7508,-272
7509,-275
7510,-279
7511,-281
7512,-283
7513,-284
7514,-285
7515,-285
7516,-284
7517,-282
7518,-279
7519,-276
7520,-272
7521,-268
7522,-264
7523,-260
7524,-255
7525,-252
7526,-248
7527,-245
7528,-242
7529,-239
7530,-237
7531,-235
7532,-233
7533,-231
7534,-230
7535,-228
7536,-226
7537,-224
7538,-222
7539,-220
7540,-219
7541,-217
7542,-215
7543,-214
7544,-213
7545,-211
7546,-211
7547,-210
7548,-210
7549,-208
7550,-207
7551,-207
7552,-206
7553,-205
7554,-204
7555,-203
7556,-202
7557,-201
7558,-200
7559,-199
7560,-199
7561,-198
7562,-197
7563,-196
7564,-194
7565,-193
7566,-192
7567,-190
7568,-188
7569,-186
7570,-184
7571,-182
7572,-179
7573,-175
7574,-170
7575,-158
7576,-144
7577,-133
7578,-121
7579,-112
7580,-102
7581,-92
7582,-83
7583,-75
7584,-66
7585,-55
7586,-42
7587,-32
7588,-25
7589,-21
7590,-18
7591,-14
7592,-11
7593,-10
7594,-11
7595,-17
7596,-27
7597,-39
7598,-53
7599,-74
7600,-92
7601,-106
7602,-120
7603,-132
7604,-143
7605,-151
7606,-155
7607,-157
7608,-160
7609,-162
7610,-164
7611,-165
7612,-167
7613,-168
7614,-169
7615,-170
7616,-171
7617,-172
7618,-174
7619,-176
7620,-177
7621,-178
7622,-179
7623,-179
7624,-178
7625,-177
7626,-163
7627,-96
7628,12
7629,168
7630,373
7631,605
7632,810
7633,917
7634,860
7635,614
7636,222
7637,-223
7638,-612
7639,-855
7640,-916
7641,-835
7642,-685
7643,-531
7644,-407
7645,-320
7646,-264
7647,-231
7648,-200
7649,-171
7650,-147
7651,-129
7652,-111
7653,-95
7654,-82
7655,-71
7656,-60
7657,-53
7658,-48
7659,-44
7660,-41
7661,-38
7662,-34
7663,-30
7664,-26
7665,-21
7666,-16
7667,-12
7668,-7
7669,-2
7670,4
7671,14
7672,24
7673,32
7674,40
7675,48
7676,56
7677,66
7678,77
7679,88
7680,101
7681,117
7682,137
7683,154
7684,170
7685,183
7686,196
7687,211
7688,235
7689,267
7690,293
7691,313
7692,334
7693,352
7694,368
7695,371
7696,371
7697,372
7698,374
7699,375
7700,376
7701,375
7702,370
7703,363
7704,354
7705,343
7706,328
7707,313
7708,300
7709,280
7710,251
7711,227
7712,209
7713,188
7714,160
7715,129
7716,100
7717,70
7718,46
7719,28
7720,11
7721,-10
7722,-36
7723,-57
7724,-74
7725,-94
7726,-110
7727,-122
7728,-131
7729,-138
7730,-143
7731,-146
7732,-147
7733,-148
7734,-148
7735,-148
7736,-149
7737,-150
7738,-150
7739,-150
7740,-149
7741,-149
7742,-149
7743,-149
7744,-147
7745,-146
7746,-144
7747,-143
7748,-142
7749,-142
7750,-141
7751,-142
7752,-141
7753,-140
7754,-139
7755,-139
7756,-137
7757,-135
7758,-133
7759,-132
7760,-131
7761,-131
7762,-132
7763,-133
7764,-134
7765,-136
7766,-137
7767,-138
7768,-140
7769,-141
7770,-142
7771,-143
7772,-145
7773,-147
7774,-148
7775,-151
7776,-153
7777,-156
7778,-159
7779,-161
7780,-162
7781,-163
7782,-162
7783,-161
7784,-161
7785,-161
7786,-163
7787,-165
7788,-166
7789,-167
7790,-166
7791,-164
7792,-161
7793,-157
7794,-152
7795,-147
7796,-142
7797,-139
7798,-135
7799,-130
7800,-124
7801,-115
7802,-107
7803,-99
7804,-92
7805,-85
7806,-80
7807,-74
7808,-69
7809,-66
7810,-65
7811,-65
7812,-66
7813,-69
7814,-74
7815,-80
7816,-90
7817,-107
7818,-127
7819,-143
7820,-156
7821,-168
7822,-180
7823,-191
7824,-196
7825,-200
7826,-204
7827,-208
7828,-210
7829,-212
7830,-213
7831,-214
7832,-215
7833,-216
7834,-216
7835,-217
7836,-217
7837,-217
7838,-217
7839,-218
7840,-219
7841,-221
7842,-225
7843,-231
7844,-222
7845,-191
7846,-133
7847,-47
7848,73
7849,232
7850,422
7851,610
7852,710
7853,702
7854,561
7855,250
7856,-139
7857,-517
7858,-796
7859,-902
7860,-906
7861,-814
7862,-678
7863,-546
7864,-433
7865,-341
7866,-271
7867,-214
7868,-182
7869,-156
7870,-136
7871,-118
7872,-104
7873,-95
7874,-85
7875,-75
7876,-65
7877,-56
7878,-49
7879,-43
7880,-38
7881,-34
7882,-29
7883,-24
7884,-19
7885,-13
7886,-6
7887,1
7888,7
7889,13
7890,20
7891,31
7892,46
7893,62
7894,75
7895,87
7896,99
7897,110
7898,122
7899,136
7900,154
7901,172
7902,190
7903,206
7904,227
7905,253
7906,277
7907,304
7908,327
7909,346
7910,370
7911,390
7912,408
7913,416
7914,420
7915,423
7916,425
7917,427
7918,429
7919,430
7920,430
7921,427
7922,421
7923,414
7924,405
7925,395
7926,381
7927,369
7928,359
7929,342
7930,320
7931,299
7932,278
7933,257
7934,235
7935,211
7936,188
7937,163
7938,138
7939,111
7940,84
7941,61
7942,44
7943,27
7944,20
7945,17
7946,14
7947,11
7948,8
7949,6
7950,3
7951,1
7952,0
7953,0
7954,0
7955,1
7956,2
7957,5
7958,9
7959,13
7960,17
7961,20
7962,23
7963,26
7964,30
7965,35
7966,39
7967,43
7968,47
7969,50
7970,53
7971,56
7972,57
7973,58
7974,59
7975,59
7976,61
7977,62
7978,63
7979,64
7980,65
7981,66
7982,67
7983,68
7984,69
7985,70
7986,70
7987,70
7988,70
7989,70
7990,69
7991,68
7992,67
7993,66
7994,64
7995,62
7996,58
7997,55
7998,53
7999,52
8000,51
8001,50
8002,50
8003,51
8004,52
8005,54
8006,57
8007,61
8008,64
8009,68
8010,72
8011,76
8012,81
8013,87
8014,94
8015,101
8016,108
8017,115
8018,122
8019,129
8020,136
8021,145
8022,156
8023,166
8024,172
8025,176
8026,181
8027,186
8028,190
8029,190
8030,183
8031,171
8032,157
8033,136
8034,116
8035,97
8036,77
8037,58
8038,42
8039,30
8040,21
8041,14
8042,8
8043,4
8044,2
8045,0
8046,-1
8047,-2
8048,-3
8049,-4
8050,-5
8051,-6
8052,-7
8053,-7
8054,-7
8055,-5
8056,-4
8057,-1
8058,3
8059,10
8060,20
8061,63
8062,140
8063,249
8064,387
8065,545
8066,698
8067,788
8068,786
8069,682
8070,419
8071,66
8072,-294
8073,-579
8074,-703
8075,-712
8076,-628
8077,-488
8078,-358
8079,-256
8080,-178
8081,-115
8082,-72
8083,-41
8084,-24
8085,-12
8086,0
8087,10
8088,16
8089,21
8090,25
8091,28
8092,30
8093,31
8094,33
8095,36
8096,39
8097,42
8098,45
8099,45
8100,46
8101,48
8102,49
8103,50
8104,50
8105,51
8106,53
8107,56
8108,60
8109,64
8110,68
8111,72
8112,78
8113,86
8114,97
8115,113
8116,137
8117,157
8118,178
8119,199
8120,220
8121,242
8122,263
8123,286
8124,303
8125,316
8126,328
8127,339
8128,347
8129,352
8130,358
8131,363
8132,368
8133,370
8134,371
8135,371
8136,368
8137,364
8138,358
8139,351
8140,343
8141,330
8142,308
8143,291
8144,275
8145,258
8146,241
8147,221
8148,197
8149,174
8150,150
8151,125
8152,101
8153,76
8154,48
8155,23
8156,6
8157,-12
8158,-27
8159,-38
8160,-48
8161,-57
8162,-68
8163,-77
8164,-83
8165,-86
8166,-89
8167,-91
8168,-93
8169,-94
8170,-95
8171,-97
8172,-98
8173,-99
8174,-99
8175,-98
8176,-97
8177,-95
8178,-92
8179,-90
8180,-88
8181,-86
8182,-85
8183,-84
8184,-82
8185,-80
8186,-79
8187,-77
8188,-75
8189,-72
8190,-70
8191,-68
8192,-67
8193,-67
8194,-66
8195,-64
8196,-62
8197,-61
8198,-61
8199,-61
8200,-62
8201,-62
8202,-62
8203,-62
8204,-63
8205,-64
8206,-65
8207,-65
8208,-66
8209,-68
8210,-70
8211,-73
8212,-76
8213,-78
8214,-78
8215,-79
8216,-80
8217,-80
8218,-80
8219,-80
8220,-79
8221,-79
8222,-78
8223,-76
8224,-75
8225,-72
8226,-69
8227,-66
8228,-64
8229,-62
8230,-60
8231,-57
8232,-55
8233,-52
8234,-51
8235,-48
8236,-46
8237,-44
8238,-42
8239,-41
8240,-40
8241,-38
8242,-36
8243,-34
8244,-33
8245,-35
8246,-42
8247,-51
8248,-61
8249,-75
8250,-97
8251,-117
8252,-132
8253,-143
8254,-153
8255,-166
8256,-179
8257,-191
8258,-204
8259,-216
8260,-223
8261,-226
8262,-227
8263,-228
8264,-229
8265,-230
8266,-232
8267,-233
8268,-235
8269,-236
8270,-237
8271,-238
8272,-237
8273,-235
8274,-232
8275,-227
8276,-220
8277,-210
8278,-167
8279,-98
8280,5
8281,148
8282,321
8283,501
8284,636
8285,650
8286,586
8287,329
8288,-43
8289,-445
8290,-781
8291,-947
8292,-964
8293,-886
8294,-731
8295,-587
8296,-478
8297,-406
8298,-348
8299,-307
8300,-277
8301,-262
8302,-251
8303,-242
8304,-233
8305,-222
8306,-210
8307,-197
8308,-180
8309,-171
8310,-165
8311,-160
8312,-157
8313,-153
8314,-150
8315,-145
8316,-141
8317,-137
8318,-134
8319,-130
8320,-127
8321,-123
8322,-117
8323,-109
8324,-100
8325,-89
8326,-78
8327,-66
8328,-54
8329,-42
8330,-32
8331,-22
8332,-9
8333,8
8334,28
8335,45
8336,61
8337,76
8338,92
8339,111
8340,133
8341,154
8342,173
8343,190
8344,205
8345,219
8346,227
8347,233
8348,238
8349,242
8350,246
8351,248
8352,248
8353,247
8354,246
8355,243
8356,238
8357,231
8358,223
8359,214
8360,200
8361,176
8362,156
8363,136
8364,116
8365,94
8366,66
8367,34
8368,9
8369,-9
8370,-26
8371,-44
8372,-63
8373,-87
8374,-108
8375,-126
8376,-142
8377,-155
8378,-160
8379,-163
8380,-166
8381,-169
8382,-174
8383,-179
8384,-183
8385,-186
8386,-187
8387,-187
8388,-187
8389,-186
8390,-186
8391,-186
8392,-186
8393,-187
8394,-187
8395,-186
8396,-186
8397,-185
8398,-182
8399,-180
8400,-176
8401,-173
8402,-170
8403,-168
8404,-166
8405,-164
8406,-163
8407,-161
8408,-160
8409,-157
8410,-154
8411,-150
8412,-147
8413,-144
8414,-142
8415,-140
8416,-140
8417,-140
8418,-140
8419,-140
8420,-140
8421,-140
8422,-140
8423,-139
8424,-138
8425,-138
8426,-137
8427,-137
8428,-137
8429,-138
8430,-138
8431,-139
8432,-139
8433,-139
8434,-139
8435,-138
8436,-137
8437,-136
8438,-134
8439,-132
8440,-130
8441,-128
8442,-126
8443,-124
8444,-122
8445,-119
8446,-116
8447,-112
8448,-108
8449,-104
8450,-96
8451,-86
8452,-76
8453,-68
8454,-61
8455,-55
8456,-48
8457,-41
8458,-31
8459,-22
8460,-14
8461,-6
8462,0
8463,5
8464,11
8465,15
8466,15
8467,11
8468,4
8469,-4
8470,-17
8471,-38
8472,-56
8473,-74
8474,-92
8475,-113
8476,-130
8477,-144
8478,-159
8479,-174
8480,-182
8481,-188
8482,-193
8483,-198
8484,-202
8485,-205
8486,-207
8487,-209
8488,-210
8489,-212
8490,-213
8491,-213
8492,-213
8493,-215
8494,-216
8495,-217
8496,-218
8497,-218
8498,-218
8499,-217
8500,-197
8501,-145
8502,-60
8503,68
8504,251
8505,470
8506,679
8507,794
8508,742
8509,499
8510,101
8511,-353
8512,-749
8513,-988
8514,-1038
8515,-938
8516,-769
8517,-603
8518,-478
8519,-401
8520,-348
8521,-313
8522,-282
8523,-260
8524,-244
8525,-234
8526,-227
8527,-220
8528,-212
8529,-204
8530,-196
8531,-191
8532,-186
8533,-182
8534,-178
8535,-175
8536,-172
8537,-169
8538,-166
8539,-163
8540,-161
8541,-159
8542,-156
8543,-153
8544,-149
8545,-145
8546,-140
8547,-134
8548,-127
8549,-120
8550,-112
8551,-102
8552,-89
8553,-78
8554,-67
8555,-55
8556,-40
8557,-23
8558,-1
8559,28
8560,54
8561,73
8562,91
8563,113
8564,140
8565,167
8566,195
8567,210
8568,218
8569,225
8570,229
8571,232
8572,233
8573,232
8574,230
8575,227
8576,222
8577,216
8578,209
8579,201
8580,190
8581,178
8582,165
8583,152
8584,135
8585,114
8586,98
8587,78
8588,53
8589,27
8590,1
8591,-27
8592,-55
8593,-77
8594,-94
8595,-114
8596,-133
8597,-153
8598,-172
8599,-186
8600,-196
8601,-206
8602,-217
8603,-226
8604,-230
8605,-234
8606,-239
8607,-243
8608,-248
8609,-252
8610,-256
8611,-258
8612,-259
8613,-259
8614,-258
8615,-256
8616,-254
8617,-252
8618,-250
8619,-249
8620,-248
8621,-247
8622,-245
8623,-242
8624,-239
8625,-234
8626,-229
8627,-223
8628,-218
8629,-213
8630,-209
8631,-204
8632,-198
8633,-190
8634,-177
8635,-164
8636,-151
8637,-141
8638,-134
8639,-127
8640,-120
8641,-113
8642,-107
8643,-101
8644,-93
8645,-84
8646,-75
8647,-66
8648,-56
8649,-43
8650,-26
8651,-9
8652,4
8653,14
8654,23
8655,33
8656,43
8657,55
8658,67
8659,79
8660,90
8661,100
8662,109
8663,119
8664,129
8665,141
8666,153
8667,168
8668,180
8669,190
8670,202
8671,216
8672,233
8673,246
8674,254
8675,263
8676,272
8677,281
8678,291
8679,306
8680,325
8681,339
8682,346
8683,352
8684,356
8685,360
8686,361
8687,360
8688,355
8689,348
8690,340
8691,328
8692,308
8693,291
8694,277
8695,265
8696,252
8697,237
8698,229
8699,223
8700,219
8701,215
8702,212
8703,209
8704,206
8705,204
8706,202
8707,200
8708,197
8709,195
8710,192
8711,188
8712,183
8713,174
8714,165
8715,160
8716,156
8717,149
8718,143
8719,157
8720,191
8721,250
8722,338
8723,457
8724,602
8725,752
8726,867
8727,879
8728,821
8729,597
8730,266
8731,-102
8732,-428
8733,-628
8734,-671
8735,-596
8736,-470
8737,-343
8738,-243
8739,-171
8740,-110
8741,-57
8742,-26
8743,-9
8744,0
8745,4
8746,10
8747,17
8748,25
8749,31
8750,35
8751,37
8752,39
8753,42
8754,44
8755,46
8756,49
8757,50
8758,51
8759,52
8760,52
8761,54
8762,55
8763,57
8764,59
8765,61
8766,63
8767,66
8768,69
8769,73
8770,79
8771,93
8772,106
8773,119
8774,133
8775,145
8776,158
8777,171
8778,183
8779,195
8780,207
8781,219
8782,233
8783,249
8784,265
8785,280
8786,294
8787,303
8788,308
8789,311
8790,314
8791,316
8792,318
8793,316
8794,311
8795,305
8796,298
8797,289
8798,278
8799,267
8800,259
8801,252
8802,239
8803,219
8804,197
8805,172
8806,145
8807,119
8808,93
8809,68
8810,43
8811,17
8812,-4
8813,-21
8814,-41
8815,-61
8816,-81
8817,-104
8818,-117
8819,-126
8820,-134
8821,-140
8822,-146
8823,-153
8824,-159
8825,-164
8826,-169
8827,-173
8828,-176
8829,-179
8830,-181
8831,-184
8832,-186
8833,-188
8834,-190
8835,-191
8836,-191
8837,-191
8838,-188
8839,-185
8840,-180
8841,-175
8842,-171
8843,-166
8844,-162
8845,-159
8846,-157
8847,-155
8848,-153
8849,-151
8850,-150
8851,-148
8852,-146
8853,-144
8854,-142
8855,-141
8856,-139
8857,-137
8858,-136
8859,-134
8860,-132
8861,-130
8862,-127
8863,-124
8864,-121
8865,-118
8866,-115
8867,-112
8868,-110
8869,-107
8870,-105
8871,-104
8872,-103
8873,-102
8874,-101
8875,-100
8876,-98
8877,-97
8878,-95
8879,-93
8880,-90
8881,-87
8882,-83
8883,-80
8884,-76
8885,-71
8886,-66
8887,-60
8888,-54
8889,-42
8890,-30
8891,-19
8892,-11
8893,-4
8894,3
8895,12
8896,22
8897,32
8898,43
8899,55
8900,62
8901,69
8902,75
8903,80
8904,83
8905,83
8906,80
8907,74
8908,66
8909,58
8910,48
8911,35
8912,20
8913,6
8914,-5
8915,-18
8916,-33
8917,-51
8918,-57
8919,-58
8920,-58
8921,-58
8922,-59
8923,-59
8924,-60
8925,-62
8926,-63
8927,-64
8928,-64
8929,-62
8930,-61
8931,-59
8932,-57
8933,-55
8934,-52
8935,-49
8936,-45
8937,-38
8938,-4
8939,48
8940,127
8941,235
8942,369
8943,520
8944,662
8945,732
8946,720
8947,586
8948,306
8949,-44
8950,-385
8951,-634
8952,-708
8953,-701
8954,-597
8955,-471
8956,-356
8957,-264
8958,-185
8959,-116
8960,-56
8961,-37
8962,-28
8963,-21
8964,-15
8965,-8
8966,-2
8967,2
8968,7
8969,12
8970,15
8971,19
8972,25
8973,32
8974,38
8975,45
8976,51
8977,57
8978,63
8979,69
8980,76
8981,82
8982,89
8983,97
8984,107
8985,117
8986,127
8987,137
8988,146
8989,155
8990,164
8991,171
8992,175
8993,175
8994,169
8995,160
8996,149
8997,135
8998,112
8999,87
