'sample #','ECG '
0,153
1,182
2,210
3,236
4,260
5,270
6,275
7,279
8,281
9,283
10,284
11,285
12,286
13,287
14,288
15,289
16,288
17,287
18,284
19,282
20,280
21,278
22,275
23,271
24,268
25,264
26,262
27,259
28,254
29,249
30,245
31,243
32,246
33,252
34,261
35,272
36,289
37,313
38,320
39,324
40,327
41,330
42,333
43,335
44,336
45,337
46,338
47,339
48,339
49,339
50,338
51,337
52,336
53,334
54,332
55,330
56,328
57,325
58,322
59,316
60,301
61,282
62,261
63,241
64,226
65,212
66,197
67,182
68,172
69,167
70,162
71,158
72,152
73,146
74,138
75,130
76,121
77,109
78,98
79,90
80,82
81,70
82,55
83,41
84,33
85,28
86,24
87,20
88,14
89,7
90,0
91,-9
92,-20
93,-36
94,-50
95,-63
96,-69
97,-74
98,-79
99,-84
100,-88
101,-92
102,-95
103,-98
104,-100
105,-102
106,-102
107,-103
108,-103
109,-103
110,-103
111,-104
112,-105
113,-108
114,-111
115,-113
116,-115
117,-114
118,-110
119,-105
120,-100
121,-95
122,-92
123,-90
124,-87
125,-85
126,-83
127,-81
128,-80
129,-79
130,-77
131,-74
132,-72
133,-70
134,-68
135,-65
136,-61
137,-57
138,-52
139,-48
140,-44
141,-36
142,-27
143,-21
144,-18
145,-16
146,-15
147,-14
148,-12
149,-11
150,-12
151,-18
152,-28
153,-38
154,-50
155,-62
156,-75
157,-83
158,-90
159,-95
160,-99
161,-102
162,-102
163,-100
164,-97
165,-92
166,-87
167,-81
168,-76
169,-70
170,-65
171,-60
172,-55
173,-51
174,-48
175,-45
176,-41
177,-36
178,-16
179,32
180,105
181,194
182,281
183,334
184,352
185,353
186,341
187,306
188,223
189,106
190,-24
191,-142
192,-231
193,-259
194,-269
195,-274
196,-272
197,-260
198,-227
199,-181
200,-124
201,-108
202,-105
203,-103
204,-100
205,-94
206,-84
207,-73
208,-64
209,-55
210,-47
211,-40
212,-36
213,-34
214,-32
215,-30
216,-28
217,-26
218,-24
219,-22
220,-20
221,-16
222,-13
223,-9
224,-5
225,-3
226,-1
227,0
228,0
229,2
230,4
231,7
232,11
233,15
234,19
235,23
236,28
237,32
238,37
239,40
240,43
241,46
242,49
243,55
244,67
245,76
246,84
247,88
248,91
249,95
250,98
251,101
252,103
253,104
254,105
255,106
256,107
257,107
258,105
259,102
260,99
261,96
262,94
263,91
264,87
265,82
266,77
267,71
268,63
269,54
270,46
271,38
272,30
273,23
274,19
275,16
276,13
277,12
278,11
279,10
280,10
281,10
282,9
283,8
284,8
285,8
286,8
287,8
288,9
289,9
290,9
291,9
292,9
293,8
294,7
295,6
296,4
297,1
298,-2
299,-7
300,-14
301,-21
302,-27
303,-32
304,-36
305,-39
306,-42
307,-44
308,-45
309,-45
310,-46
311,-47
312,-48
313,-49
314,-50
315,-51
316,-52
317,-53
318,-54
319,-54
320,-53
321,-53
322,-52
323,-52
324,-53
325,-52
326,-51
327,-50
328,-48
329,-47
330,-46
331,-44
332,-42
333,-38
334,-35
335,-31
336,-27
337,-19
338,-10
339,-1
340,6
341,12
342,19
343,30
344,44
345,45
346,30
347,16
348,3
349,-9
350,-24
351,-47
352,-78
353,-92
354,-99
355,-105
356,-109
357,-113
358,-114
359,-115
360,-115
361,-114
362,-113
363,-111
364,-108
365,-105
366,-100
367,-97
368,-93
369,-88
370,-81
371,-74
372,-68
373,-62
374,-55
375,-25
376,39
377,132
378,227
379,305
380,355
381,371
382,360
383,328
384,242
385,134
386,17
387,-92
388,-186
389,-238
390,-257
391,-259
392,-246
393,-210
394,-164
395,-116
396,-102
397,-94
398,-87
399,-80
400,-73
401,-65
402,-57
403,-51
404,-44
405,-38
406,-32
407,-25
408,-16
409,-9
410,-4
411,0
412,3
413,6
414,7
415,6
416,2
417,-2
418,-6
419,-9
420,-13
421,-18
422,-23
423,-25
424,-23
425,-17
426,-9
427,0
428,7
429,17
430,28
431,39
432,48
433,57
434,67
435,77
436,88
437,96
438,103
439,110
440,119
441,133
442,151
443,163
444,173
445,179
446,183
447,182
448,177
449,169
450,159
451,150
452,139
453,127
454,115
455,101
456,83
457,61
458,46
459,33
460,21
461,10
462,-1
463,-7
464,-12
465,-17
466,-23
467,-26
468,-29
469,-30
470,-30
471,-29
472,-28
473,-25
474,-21
475,-17
476,-12
477,-8
478,-4
479,0
480,4
481,8
482,13
483,16
484,18
485,19
486,18
487,15
488,10
489,5
490,0
491,-2
492,-4
493,-7
494,-10
495,-12
496,-15
497,-17
498,-20
499,-23
500,-26
501,-28
502,-29
503,-28
504,-28
505,-27
506,-27
507,-26
508,-24
509,-22
510,-20
511,-18
512,-19
513,-19
514,-19
515,-19
516,-17
517,-15
518,-10
519,-6
520,-5
521,-7
522,-9
523,-12
524,-15
525,-17
526,-18
527,-16
528,-10
529,-3
530,3
531,10
532,19
533,26
534,34
535,42
536,49
537,56
538,62
539,66
540,69
541,71
542,75
543,80
544,61
545,36
546,16
547,4
548,-5
549,-17
550,-29
551,-36
552,-41
553,-45
554,-48
555,-49
556,-49
557,-48
558,-46
559,-44
560,-42
561,-40
562,-37
563,-34
564,-31
565,-28
566,-25
567,-23
568,-20
569,-16
570,-11
571,-4
572,26
573,90
574,179
575,290
576,409
577,511
578,553
579,542
580,443
581,256
582,34
583,-168
584,-311
585,-375
586,-381
587,-345
588,-274
589,-202
590,-146
591,-111
592,-92
593,-84
594,-78
595,-74
596,-69
597,-65
598,-60
599,-56
600,-51
601,-46
602,-40
603,-36
604,-32
605,-27
606,-22
607,-16
608,-10
609,-5
610,0
611,2
612,5
613,7
614,9
615,10
616,11
617,13
618,15
619,17
620,19
621,20
622,20
623,21
624,22
625,23
626,24
627,25
628,26
629,26
630,26
631,28
632,30
633,33
634,37
635,41
636,45
637,48
638,55
639,67
640,72
641,73
642,75
643,75
644,76
645,77
646,77
647,77
648,78
649,78
650,78
651,77
652,76
653,74
654,72
655,70
656,67
657,64
658,61
659,58
660,54
661,50
662,40
663,27
664,7
665,-9
666,-25
667,-35
668,-39
669,-42
670,-44
671,-45
672,-47
673,-48
674,-49
675,-51
676,-51
677,-50
678,-49
679,-48
680,-47
681,-46
682,-44
683,-42
684,-41
685,-40
686,-40
687,-40
688,-40
689,-40
690,-39
691,-38
692,-37
693,-36
694,-35
695,-33
696,-32
697,-31
698,-31
699,-32
700,-32
701,-32
702,-31
703,-30
704,-29
705,-27
706,-23
707,-24
708,-37
709,-45
710,-51
711,-57
712,-61
713,-63
714,-63
715,-60
716,-57
717,-53
718,-48
719,-43
720,-39
721,-35
722,-31
723,-27
724,-22
725,-17
726,-11
727,-5
728,1
729,8
730,17
731,26
732,34
733,41
734,47
735,51
736,56
737,59
738,63
739,66
740,67
741,66
742,61
743,55
744,47
745,39
746,25
747,3
748,-11
749,-25
750,-39
751,-60
752,-70
753,-77
754,-83
755,-88
756,-93
757,-96
758,-97
759,-98
760,-98
761,-98
762,-96
763,-94
764,-90
765,-85
766,-79
767,-72
768,-57
769,-25
770,33
771,121
772,238
773,365
774,483
775,544
776,539
777,451
778,265
779,37
780,-177
781,-330
782,-386
783,-388
784,-343
785,-279
786,-215
787,-172
788,-145
789,-132
790,-127
791,-123
792,-121
793,-118
794,-116
795,-114
796,-112
797,-109
798,-107
799,-105
800,-103
801,-101
802,-99
803,-98
804,-96
805,-92
806,-84
807,-76
808,-68
809,-60
810,-55
811,-50
812,-47
813,-43
814,-38
815,-34
816,-29
817,-23
818,-16
819,-6
820,8
821,20
822,30
823,34
824,37
825,40
826,43
827,45
828,47
829,49
830,51
831,54
832,57
833,60
834,63
835,66
836,70
837,74
838,77
839,80
840,83
841,87
842,90
843,93
844,95
845,97
846,98
847,97
848,95
849,93
850,89
851,86
852,81
853,77
854,73
855,68
856,63
857,57
858,52
859,48
860,43
861,39
862,36
863,32
864,26
865,19
866,11
867,2
868,-5
869,-11
870,-15
871,-20
872,-24
873,-28
874,-29
875,-28
876,-26
877,-23
878,-20
879,-18
880,-16
881,-13
882,-9
883,-6
884,-5
885,-7
886,-11
887,-16
888,-21
889,-24
890,-28
891,-32
892,-37
893,-40
894,-41
895,-40
896,-37
897,-33
898,-28
899,-24
900,-18
901,-10
902,-3
903,-2
904,-8
905,-16
906,-25
907,-38
908,-49
909,-59
910,-69
911,-74
912,-77
913,-80
914,-83
915,-67
916,-54
917,-47
918,-40
919,-34
920,-29
921,-24
922,-19
923,-10
924,2
925,11
926,18
927,23
928,27
929,32
930,36
931,39
932,42
933,45
934,47
935,48
936,49
937,48
938,46
939,43
940,38
941,31
942,18
943,-5
944,-43
945,-72
946,-81
947,-86
948,-93
949,-99
950,-104
951,-112
952,-123
953,-123
954,-112
955,-105
956,-100
957,-95
958,-90
959,-85
960,-81
961,-76
962,-63
963,-46
964,-25
965,13
966,79
967,167
968,266
969,366
970,450
971,485
972,479
973,413
974,272
975,86
976,-99
977,-241
978,-328
979,-364
980,-376
981,-362
982,-319
983,-252
984,-187
985,-135
986,-104
987,-93
988,-89
989,-92
990,-98
991,-102
992,-106
993,-110
994,-112
995,-110
996,-105
997,-101
998,-98
999,-96
1000,-93
1001,-91
1002,-86
1003,-81
1004,-74
1005,-67
1006,-61
1007,-54
1008,-48
1009,-43
1010,-39
1011,-37
1012,-35
1013,-33
1014,-32
1015,-30
1016,-27
1017,-24
1018,-22
1019,-20
1020,-18
1021,-15
1022,-12
1023,-10
1024,-7
1025,-5
1026,-2
1027,0
1028,3
1029,7
1030,10
1031,13
1032,14
1033,15
1034,16
1035,16
1036,17
1037,17
1038,17
1039,17
1040,17
1041,17
1042,18
1043,11
1044,0
1045,-7
1046,-12
1047,-17
1048,-21
1049,-25
1050,-29
1051,-33
1052,-36
1053,-40
1054,-48
1055,-64
1056,-81
1057,-97
1058,-114
1059,-124
1060,-126
1061,-128
1062,-129
1063,-130
1064,-130
1065,-130
1066,-130
1067,-130
1068,-128
1069,-126
1070,-124
1071,-122
1072,-120
1073,-118
1074,-116
1075,-114
1076,-112
1077,-109
1078,-108
1079,-107
1080,-106
1081,-105
1082,-102
1083,-100
1084,-97
1085,-94
1086,-92
1087,-89
1088,-84
1089,-77
1090,-72
1091,-69
1092,-68
1093,-66
1094,-65
1095,-63
1096,-61
1097,-60
1098,-60
1099,-63
1100,-69
1101,-75
1102,-80
1103,-85
1104,-91
1105,-97
1106,-102
1107,-104
1108,-105
1109,-106
1110,-107
1111,-108
1112,-112
1113,-114
1114,-109
1115,-97
1116,-88
1117,-80
1118,-74
1119,-68
1120,-64
1121,-61
1122,-56
1123,-47
1124,-30
1125,-17
1126,-9
1127,0
1128,9
1129,24
1130,46
1131,64
1132,76
1133,76
1134,64
1135,54
1136,44
1137,34
1138,24
1139,10
1140,-12
1141,-42
1142,-57
1143,-60
1144,-62
1145,-65
1146,-66
1147,-66
1148,-66
1149,-64
1150,-62
1151,-60
1152,-58
1153,-56
1154,-54
1155,-52
1156,-50
1157,-47
1158,-44
1159,-42
1160,-37
1161,-29
1162,-1
1163,63
1164,157
1165,278
1166,409
1167,526
1168,592
1169,594
1170,535
1171,370
1172,151
1173,-60
1174,-223
1175,-294
1176,-298
1177,-252
1178,-175
1179,-101
1180,-59
1181,-46
1182,-36
1183,-28
1184,-21
1185,-14
1186,-8
1187,-1
1188,5
1189,12
1190,17
1191,22
1192,27
1193,33
1194,39
1195,43
1196,46
1197,48
1198,51
1199,53
1200,55
1201,57
1202,60
1203,62
1204,63
1205,65
1206,67
1207,70
1208,74
1209,82
1210,91
1211,102
1212,109
1213,115
1214,119
1215,123
1216,125
1217,126
1218,126
1219,127
1220,127
1221,128
1222,128
1223,129
1224,129
1225,129
1226,130
1227,133
1228,136
1229,137
1230,139
1231,140
1232,141
1233,142
1234,142
1235,143
1236,143
1237,143
1238,143
1239,142
1240,140
1241,137
1242,134
1243,131
1244,127
1245,123
1246,113
1247,106
1248,102
1249,98
1250,97
1251,95
1252,93
1253,90
1254,86
1255,82
1256,76
1257,65
1258,46
1259,34
1260,28
1261,23
1262,20
1263,18
1264,16
1265,14
1266,12
1267,10
1268,8
1269,7
1270,5
1271,3
1272,1
1273,0
1274,-3
1275,-5
1276,-7
1277,-9
1278,-11
1279,-14
1280,-30
1281,-52
1282,-59
1283,-63
1284,-64
1285,-64
1286,-61
1287,-56
1288,-51
1289,-40
1290,-22
1291,6
1292,27
1293,34
1294,37
1295,31
1296,20
1297,13
1298,7
1299,1
1300,-3
1301,-5
1302,-4
1303,-1
1304,3
1305,8
1306,15
1307,27
1308,27
1309,17
1310,2
1311,-9
1312,-15
1313,-19
1314,-7
1315,6
1316,17
1317,25
1318,30
1319,48
1320,75
1321,85
1322,85
1323,77
1324,70
1325,62
1326,62
1327,71
1328,77
1329,82
1330,86
1331,88
1332,88
1333,85
1334,79
1335,72
1336,60
1337,38
1338,14
1339,-7
1340,-30
1341,-51
1342,-63
1343,-69
1344,-74
1345,-78
1346,-82
1347,-86
1348,-88
1349,-91
1350,-94
1351,-97
1352,-99
1353,-100
1354,-100
1355,-98
1356,-94
1357,-90
1358,-83
1359,-67
1360,-34
1361,16
1362,85
1363,174
1364,279
1365,390
1366,488
1367,535
1368,530
1369,456
1370,311
1371,134
1372,-40
1373,-184
1374,-268
1375,-288
1376,-284
1377,-249
1378,-201
1379,-157
1380,-118
1381,-88
1382,-78
1383,-69
1384,-60
1385,-49
1386,-37
1387,-36
1388,-44
1389,-57
1390,-68
1391,-74
1392,-78
1393,-78
1394,-68
1395,-61
1396,-56
1397,-51
1398,-48
1399,-47
1400,-49
1401,-52
1402,-56
1403,-59
1404,-65
1405,-74
1406,-64
1407,-48
1408,-37
1409,-33
1410,-30
1411,-32
1412,-33
1413,-34
1414,-35
1415,-35
1416,-34
1417,-32
1418,-27
1419,-21
1420,-16
1421,-14
1422,-12
1423,-9
1424,-7
1425,-4
1426,-2
1427,-1
1428,0
1429,2
1430,4
1431,6
1432,8
1433,8
1434,8
1435,8
1436,8
1437,8
1438,8
1439,8
1440,9
1441,11
1442,13
1443,14
1444,16
1445,16
1446,15
1447,13
1448,11
1449,7
1450,2
1451,-6
1452,2
1453,12
1454,20
1455,20
1456,9
1457,2
1458,-2
1459,-7
1460,-11
1461,-15
1462,-20
1463,-25
1464,-31
1465,-38
1466,-46
1467,-53
1468,-59
1469,-65
1470,-72
1471,-79
1472,-84
1473,-89
1474,-93
1475,-95
1476,-97
1477,-98
1478,-99
1479,-101
1480,-101
1481,-101
1482,-101
1483,-99
1484,-96
1485,-92
1486,-88
1487,-84
1488,-80
1489,-75
1490,-69
1491,-64
1492,-59
1493,-54
1494,-50
1495,-46
1496,-42
1497,-38
1498,-36
1499,-34
1500,-34
1501,-35
1502,-38
1503,-42
1504,-46
1505,-50
1506,-57
1507,-68
1508,-75
1509,-78
1510,-81
1511,-85
1512,-83
1513,-72
1514,-63
1515,-56
1516,-49
1517,-42
1518,-34
1519,-23
1520,-10
1521,4
1522,16
1523,26
1524,33
1525,39
1526,43
1527,48
1528,53
1529,56
1530,51
1531,42
1532,26
1533,7
1534,-3
1535,-10
1536,-19
1537,-30
1538,-35
1539,-39
1540,-42
1541,-45
1542,-48
1543,-50
1544,-51
1545,-53
1546,-55
1547,-57
1548,-58
1549,-59
1550,-60
1551,-60
1552,-61
1553,-63
1554,-68
1555,-77
1556,-83
1557,-93
1558,-92
1559,-67
1560,-10
1561,72
1562,181
1563,312
1564,446
1565,555
1566,612
1567,583
1568,457
1569,258
1570,28
1571,-183
1572,-333
1573,-374
1574,-370
1575,-309
1576,-244
1577,-206
1578,-186
1579,-168
1580,-145
1581,-118
1582,-94
1583,-72
1584,-55
1585,-50
1586,-48
1587,-47
1588,-46
1589,-45
1590,-45
1591,-44
1592,-43
1593,-42
1594,-40
1595,-39
1596,-38
1597,-37
1598,-36
1599,-35
1600,-33
1601,-30
1602,-26
1603,-16
1604,-5
1605,9
1606,27
1607,37
1608,42
1609,45
1610,48
1611,51
1612,54
1613,58
1614,62
1615,66
1616,69
1617,74
1618,80
1619,84
1620,88
1621,92
1622,96
1623,102
1624,105
1625,103
1626,99
1627,97
1628,93
1629,90
1630,87
1631,86
1632,88
1633,91
1634,95
1635,97
1636,99
1637,101
1638,105
1639,109
1640,111
1641,111
1642,109
1643,105
1644,100
1645,95
1646,91
1647,86
1648,79
1649,72
1650,66
1651,58
1652,44
1653,26
1654,17
1655,10
1656,10
1657,19
1658,29
1659,41
1660,53
1661,60
1662,66
1663,70
1664,72
1665,72
1666,71
1667,69
1668,68
1669,67
1670,66
1671,65
1672,64
1673,63
1674,63
1675,62
1676,62
1677,62
1678,62
1679,62
1680,62
1681,63
1682,64
1683,65
1684,65
1685,65
1686,65
1687,66
1688,67
1689,68
1690,68
1691,66
1692,64
1693,61
1694,58
1695,56
1696,53
1697,49
1698,45
1699,43
1700,44
1701,48
1702,53
1703,59
1704,66
1705,77
1706,78
1707,71
1708,64
1709,57
1710,58
1711,67
1712,73
1713,79
1714,84
1715,92
1716,99
1717,109
1718,129
1719,152
1720,160
1721,165
1722,168
1723,170
1724,171
1725,172
1726,171
1727,170
1728,167
1729,162
1730,156
1731,148
1732,133
1733,121
1734,111
1735,104
1736,96
1737,85
1738,73
1739,63
1740,53
1741,44
1742,39
1743,36
1744,33
1745,28
1746,22
1747,24
1748,38
1749,60
1750,80
1751,89
1752,93
1753,98
1754,103
1755,109
1756,118
1757,133
1758,160
1759,210
1760,296
1761,411
1762,530
1763,617
1764,634
1765,618
1766,518
1767,346
1768,139
1769,-60
1770,-215
1771,-273
1772,-275
1773,-226
1774,-161
1775,-90
1776,-25
1777,-1
1778,6
1779,-7
1780,-47
1781,-74
1782,-83
1783,-69
1784,-47
1785,-20
1786,-6
1787,1
1788,6
1789,9
1790,12
1791,14
1792,16
1793,18
1794,19
1795,21
1796,22
1797,23
1798,24
1799,25
1800,26
1801,27
1802,27
1803,28
1804,29
1805,29
1806,29
1807,29
1808,27
1809,25
1810,23
1811,22
1812,22
1813,22
1814,20
1815,28
1816,38
1817,47
1818,39
1819,33
1820,30
1821,27
1822,24
1823,20
1824,17
1825,14
1826,9
1827,1
1828,0
1829,5
1830,9
1831,13
1832,16
1833,18
1834,18
1835,16
1836,12
1837,8
1838,3
1839,-4
1840,-17
1841,-27
1842,-41
1843,-61
1844,-73
1845,-79
1846,-84
1847,-90
1848,-96
1849,-102
1850,-114
1851,-134
1852,-154
1853,-174
1854,-191
1855,-212
1856,-230
1857,-243
1858,-249
1859,-255
1860,-261
1861,-247
1862,-224
1863,-197
1864,-167
1865,-142
1866,-125
1867,-112
1868,-96
1869,-87
1870,-81
1871,-77
1872,-73
1873,-69
1874,-66
1875,-63
1876,-61
1877,-59
1878,-55
1879,-50
1880,-41
1881,-32
1882,-23
1883,-16
1884,-11
1885,-6
1886,-1
1887,2
1888,7
1889,11
1890,16
1891,23
1892,27
1893,25
1894,22
1895,20
1896,18
1897,16
1898,14
1899,13
1900,13
1901,14
1902,15
1903,16
1904,17
1905,17
1906,18
1907,20
1908,22
1909,24
1910,25
1911,26
1912,28
1913,31
1914,36
1915,41
1916,47
1917,52
1918,63
1919,83
1920,94
1921,105
1922,117
1923,134
1924,144
1925,150
1926,156
1927,160
1928,162
1929,163
1930,161
1931,157
1932,151
1933,144
1934,133
1935,117
1936,107
1937,102
1938,98
1939,94
1940,92
1941,90
1942,91
1943,93
1944,98
1945,103
1946,108
1947,113
1948,117
1949,122
1950,127
1951,131
1952,136
1953,139
1954,142
1955,145
1956,149
1957,156
1958,185
1959,247
1960,331
1961,435
1962,547
1963,654
1964,724
1965,728
1966,676
1967,521
1968,308
1969,83
1970,-98
1971,-179
1972,-205
1973,-189
1974,-142
1975,-88
1976,-64
1977,-44
1978,-25
1979,-7
1980,11
1981,20
1982,24
1983,28
1984,31
1985,33
1986,35
1987,38
1988,40
1989,42
1990,44
1991,46
1992,48
1993,51
1994,54
1995,58
1996,66
1997,70
1998,64
1999,54
2000,50
2001,46
2002,42
2003,38
2004,36
2005,36
2006,39
2007,42
2008,45
2009,48
2010,49
2011,51
2012,52
2013,55
2014,57
2015,60
2016,62
2017,64
2018,67
2019,71
2020,74
2021,76
2022,79
2023,80
2024,82
2025,85
2026,88
2027,92
2028,96
2029,99
2030,100
2031,101
2032,100
2033,98
2034,95
2035,91
2036,86
2037,77
2038,61
2039,45
2040,30
2041,15
2042,0
2043,-18
2044,-40
2045,-50
2046,-55
2047,-58
2048,-60
2049,-62
2050,-65
2051,-69
2052,-73
2053,-77
2054,-83
2055,-90
2056,-102
2057,-122
2058,-136
2059,-148
2060,-157
2061,-169
2062,-185
2063,-193
2064,-199
2065,-203
2066,-206
2067,-208
2068,-210
2069,-213
2070,-216
2071,-220
2072,-224
2073,-228
2074,-231
2075,-234
2076,-237
2077,-240
2078,-243
2079,-246
2080,-249
2081,-254
2082,-261
2083,-267
2084,-272
2085,-273
2086,-272
2087,-270
2088,-267
2089,-265
2090,-261
2091,-255
2092,-243
2093,-242
2094,-255
2095,-270
2096,-287
2097,-304
2098,-312
2099,-317
2100,-320
2101,-324
2102,-328
2103,-331
2104,-333
2105,-334
2106,-334
2107,-334
2108,-333
2109,-332
2110,-331
2111,-330
2112,-329
2113,-328
2114,-326
2115,-325
2116,-323
2117,-321
2118,-316
2119,-312
2120,-311
2121,-315
2122,-321
2123,-325
2124,-331
2125,-335
2126,-335
2127,-328
2128,-319
2129,-313
2130,-307
2131,-302
2132,-298
2133,-297
2134,-299
2135,-304
2136,-311
2137,-320
2138,-333
2139,-356
2140,-375
2141,-396
2142,-415
2143,-420
2144,-425
2145,-429
2146,-431
2147,-426
2148,-413
2149,-398
2150,-379
2151,-358
2152,-329
2153,-297
2154,-273
2155,-255
2156,-238
2157,-223
2158,-210
2159,-200
2160,-191
2161,-180
2162,-168
2163,-156
2164,-125
2165,-63
2166,32
2167,157
2168,301
2169,443
2170,555
2171,587
2172,570
2173,450
2174,242
2175,9
2176,-174
2177,-261
2178,-271
2179,-240
2180,-157
2181,-74
2182,-21
2183,-2
2184,16
2185,40
2186,73
2187,113
2188,133
2189,138
2190,141
2191,142
2192,143
2193,146
2194,150
2195,156
2196,164
2197,177
2198,195
2199,201
2200,203
2201,204
2202,205
2203,207
2204,209
2205,212
2206,214
2207,217
2208,220
2209,223
2210,226
2211,229
2212,232
2213,235
2214,239
2215,243
2216,247
2217,252
2218,257
2219,262
2220,266
2221,270
2222,276
2223,283
2224,296
2225,310
2226,326
2227,336
2228,345
2229,352
2230,358
2231,364
2232,369
2233,372
2234,375
2235,379
2236,383
2237,389
2238,394
2239,394
2240,386
2241,372
2242,351
2243,320
2244,298
2245,281
2246,258
2247,241
2248,227
2249,216
2250,207
2251,199
2252,189
2253,179
2254,170
2255,163
2256,159
2257,157
2258,155
2259,153
2260,152
2261,152
2262,152
2263,154
2264,156
2265,158
2266,161
2267,165
2268,168
2269,171
2270,174
2271,177
2272,179
2273,180
2274,182
2275,183
2276,184
2277,182
2278,180
2279,177
2280,173
2281,169
2282,165
2283,162
2284,158
2285,153
2286,149
2287,144
2288,139
2289,134
2290,129
2291,124
2292,118
2293,112
2294,104
2295,91
2296,68
2297,59
2298,55
2299,53
2300,50
2301,49
2302,57
2303,70
2304,75
2305,80
2306,84
2307,89
2308,92
2309,95
2310,97
2311,98
2312,99
2313,99
2314,99
2315,98
2316,96
2317,94
2318,92
2319,91
2320,90
2321,89
2322,88
2323,86
2324,84
2325,83
2326,81
2327,80
2328,80
2329,79
2330,79
2331,78
2332,76
2333,75
2334,74
2335,72
2336,70
2337,67
2338,63
2339,58
2340,53
2341,48
2342,44
2343,38
2344,27
2345,15
2346,7
2347,0
2348,-4
2349,-6
2350,-9
2351,-11
2352,-14
2353,-18
2354,-21
2355,-23
2356,-25
2357,-26
2358,-28
2359,-30
2360,-32
2361,-33
2362,-34
2363,-35
2364,-37
2365,-43
2366,-55
2367,-55
2368,-39
2369,5
2370,80
2371,181
2372,300
2373,419
2374,503
2375,514
2376,486
2377,368
2378,194
2379,-10
2380,-202
2381,-346
2382,-413
2383,-419
2384,-379
2385,-302
2386,-222
2387,-157
2388,-135
2389,-128
2390,-125
2391,-122
2392,-117
2393,-110
2394,-100
2395,-82
2396,-55
2397,-28
2398,-6
2399,5
2400,12
2401,15
2402,14
2403,6
2404,-5
2405,-17
2406,-32
2407,-39
2408,-43
2409,-46
2410,-48
2411,-51
2412,-53
2413,-53
2414,-51
2415,-45
2416,-38
2417,-30
2418,-23
2419,-13
2420,-4
2421,2
2422,8
2423,12
2424,16
2425,18
2426,21
2427,24
2428,28
2429,31
2430,34
2431,38
2432,42
2433,48
2434,60
2435,79
2436,90
2437,99
2438,107
2439,111
2440,109
2441,105
2442,103
2443,101
2444,99
2445,98
2446,95
2447,93
2448,89
2449,85
2450,81
2451,75
2452,69
2453,63
2454,54
2455,34
2456,0
2457,-12
2458,-17
2459,-22
2460,-26
2461,-30
2462,-32
2463,-35
2464,-37
2465,-38
2466,-37
2467,-35
2468,-33
2469,-30
2470,-26
2471,-22
2472,-19
2473,-16
2474,-13
2475,-10
2476,-7
2477,-4
2478,0
2479,2
2480,5
2481,9
2482,13
2483,17
2484,22
2485,26
2486,30
2487,33
2488,37
2489,44
2490,51
2491,58
2492,60
2493,57
2494,49
2495,41
2496,33
2497,26
2498,17
2499,7
2500,-1
2501,-5
2502,-4
2503,0
2504,4
2505,9
2506,12
2507,15
2508,20
2509,26
2510,32
2511,37
2512,41
2513,44
2514,47
2515,51
2516,55
2517,59
2518,61
2519,60
2520,57
2521,54
2522,52
2523,49
2524,46
2525,42
2526,39
2527,39
2528,46
2529,57
2530,70
2531,87
2532,102
2533,117
2534,132
2535,145
2536,153
2537,158
2538,163
2539,167
2540,170
2541,170
2542,166
2543,160
2544,152
2545,144
2546,137
2547,128
2548,118
2549,108
2550,99
2551,91
2552,86
2553,82
2554,78
2555,74
2556,70
2557,67
2558,65
2559,63
2560,61
2561,60
2562,58
2563,58
2564,58
2565,59
2566,60
2567,63
2568,65
2569,70
2570,75
2571,81
2572,87
2573,102
2574,137
2575,200
2576,288
2577,404
2578,538
2579,653
2580,689
2581,673
2582,554
2583,357
2584,144
2585,-39
2586,-166
2587,-207
2588,-207
2589,-173
2590,-120
2591,-70
2592,-23
2593,24
2594,41
2595,47
2596,49
2597,49
2598,50
2599,52
2600,53
2601,54
2602,54
2603,55
2604,55
2605,57
2606,58
2607,60
2608,63
2609,67
2610,71
2611,74
2612,75
2613,73
2614,69
2615,66
2616,65
2617,63
2618,62
2619,61
2620,59
2621,58
2622,57
2623,57
2624,56
2625,57
2626,60
2627,62
2628,65
2629,68
2630,70
2631,72
2632,74
2633,77
2634,81
2635,85
2636,90
2637,93
2638,95
2639,94
2640,93
2641,90
2642,86
2643,81
2644,71
2645,47
2646,17
2647,-11
2648,-33
2649,-47
2650,-58
2651,-67
2652,-81
2653,-105
2654,-131
2655,-159
2656,-180
2657,-194
2658,-207
2659,-219
2660,-234
2661,-251
2662,-262
2663,-268
2664,-272
2665,-276
2666,-283
2667,-291
2668,-303
2669,-327
2670,-350
2671,-356
2672,-360
2673,-362
2674,-365
2675,-367
2676,-369
2677,-372
2678,-376
2679,-381
2680,-385
2681,-390
2682,-393
2683,-397
2684,-401
2685,-405
2686,-410
2687,-413
2688,-416
2689,-416
2690,-416
2691,-415
2692,-413
2693,-410
2694,-405
2695,-399
2696,-391
2697,-377
2698,-367
2699,-359
2700,-355
2701,-353
2702,-350
2703,-349
2704,-347
2705,-346
2706,-345
2707,-344
2708,-343
2709,-342
2710,-341
2711,-339
2712,-338
2713,-336
2714,-335
2715,-334
2716,-332
2717,-330
2718,-327
2719,-323
2720,-317
2721,-308
2722,-291
2723,-276
2724,-265
2725,-256
2726,-249
2727,-241
2728,-235
2729,-230
2730,-225
2731,-221
2732,-216
2733,-212
2734,-209
2735,-206
2736,-201
2737,-191
2738,-169
2739,-149
2740,-134
2741,-116
2742,-93
2743,-62
2744,-35
2745,-15
2746,0
2747,6
2748,9
2749,12
2750,14
2751,17
2752,19
2753,21
2754,23
2755,25
2756,27
2757,29
2758,30
2759,31
2760,31
2761,31
2762,30
2763,29
2764,29
2765,28
2766,28
2767,27
2768,25
2769,23
2770,21
2771,18
2772,16
2773,9
2774,-11
2775,-52
2776,-99
2777,-147
2778,-167
2779,-175
2780,-180
2781,-184
2782,-188
2783,-192
2784,-196
2785,-200
2786,-207
2787,-234
2788,-293
2789,-360
2790,-408
2791,-422
2792,-406
2793,-360
2794,-277
2795,-188
2796,-107
2797,-50
2798,-20
2799,5
2800,35
2801,60
2802,75
2803,87
2804,97
2805,107
2806,117
2807,127
2808,137
2809,144
2810,148
2811,151
2812,155
2813,158
2814,162
2815,165
2816,168
2817,172
2818,177
2819,185
2820,200
2821,217
2822,232
2823,245
2824,256
2825,265
2826,273
2827,279
2828,285
2829,291
2830,297
2831,304
2832,310
2833,318
2834,327
2835,336
2836,344
2837,352
2838,358
2839,363
2840,367
2841,372
2842,377
2843,382
2844,385
2845,388
2846,392
2847,396
2848,400
2849,403
2850,404
2851,403
2852,397
2853,389
2854,379
2855,363
2856,334
2857,304
2858,282
2859,265
2860,243
2861,216
2862,192
2863,182
2864,177
2865,173
2866,170
2867,168
2868,166
2869,163
2870,160
2871,158
2872,156
2873,154
2874,151
2875,148
2876,140
2877,119
2878,102
2879,92
2880,87
2881,93
2882,105
2883,116
2884,126
2885,134
2886,138
2887,141
2888,143
2889,147
2890,150
2891,151
2892,149
2893,143
2894,135
2895,125
2896,113
2897,101
2898,89
2899,75
2900,57
2901,41
2902,27
2903,16
2904,3
2905,-12
2906,-24
2907,-34
2908,-44
2909,-55
2910,-64
2911,-74
2912,-90
2913,-112
2914,-127
2915,-138
2916,-147
2917,-154
2918,-162
2919,-169
2920,-175
2921,-180
2922,-185
2923,-191
2924,-196
2925,-202
2926,-210
2927,-222
2928,-241
2929,-257
2930,-270
2931,-281
2932,-287
2933,-283
2934,-275
2935,-271
2936,-269
2937,-266
2938,-263
2939,-261
2940,-258
2941,-255
2942,-251
2943,-247
2944,-243
2945,-241
2946,-239
2947,-237
2948,-235
2949,-232
2950,-229
2951,-226
2952,-224
2953,-222
2954,-221
2955,-220
2956,-219
2957,-219
2958,-221
2959,-223
2960,-226
2961,-228
2962,-230
2963,-232
2964,-234
2965,-236
2966,-238
2967,-239
2968,-240
2969,-241
2970,-241
2971,-242
2972,-243
2973,-243
2974,-242
2975,-241
2976,-240
2977,-238
2978,-236
2979,-234
2980,-232
2981,-229
2982,-226
2983,-221
2984,-218
2985,-209
2986,-186
2987,-147
2988,-78
2989,17
2990,135
2991,266
2992,396
2993,491
2994,503
2995,468
2996,321
2997,103
2998,-127
2999,-317
3000,-423
3001,-458
3002,-436
3003,-371
3004,-292
3005,-244
3006,-229
3007,-218
3008,-210
3009,-196
3010,-171
3011,-140
3012,-112
3013,-98
3014,-92
3015,-88
3016,-84
3017,-79
3018,-74
3019,-69
3020,-62
3021,-55
3022,-43
3023,-24
3024,-9
3025,9
3026,36
3027,47
3028,50
3029,53
3030,56
3031,59
3032,62
3033,64
3034,65
3035,65
3036,65
3037,66
3038,67
3039,68
3040,70
3041,71
3042,71
3043,72
3044,74
3045,77
3046,80
3047,83
3048,86
3049,90
3050,94
3051,101
3052,117
3053,128
3054,136
3055,139
3056,142
3057,146
3058,150
3059,154
3060,158
3061,159
3062,160
3063,159
3064,158
3065,156
3066,152
3067,148
3068,143
3069,136
3070,130
3071,125
3072,120
3073,113
3074,106
3075,99
3076,93
3077,87
3078,82
3079,78
3080,73
3081,67
3082,62
3083,56
3084,50
3085,45
3086,39
3087,34
3088,31
3089,27
3090,23
3091,19
3092,17
3093,18
3094,24
3095,31
3096,39
3097,45
3098,48
3099,52
3100,56
3101,61
3102,66
3103,70
3104,74
3105,77
3106,80
3107,82
3108,84
3109,83
3110,82
3111,78
3112,74
3113,69
3114,65
3115,61
3116,57
3117,53
3118,50
3119,47
3120,44
3121,40
3122,36
3123,30
3124,24
3125,18
3126,13
3127,9
3128,6
3129,2
3130,-1
3131,-6
3132,-17
3133,-41
3134,-55
3135,-63
3136,-67
3137,-67
3138,-59
3139,-49
3140,-38
3141,-25
3142,-16
3143,-11
3144,-8
3145,-6
3146,-3
3147,-1
3148,0
3149,2
3150,4
3151,5
3152,7
3153,9
3154,12
3155,14
3156,17
3157,20
3158,23
3159,27
3160,33
3161,40
3162,46
3163,52
3164,56
3165,61
3166,66
3167,71
3168,78
3169,83
3170,82
3171,73
3172,59
3173,44
3174,23
3175,5
3176,-13
3177,-31
3178,-42
3179,-48
3180,-53
3181,-58
3182,-61
3183,-62
3184,-59
3185,-53
3186,-45
3187,-33
3188,-17
3189,-11
3190,-8
3191,-5
3192,-3
3193,-1
3194,2
3195,5
3196,9
3197,13
3198,21
3199,51
3200,107
3201,184
3202,279
3203,383
3204,482
3205,541
3206,561
3207,525
3208,416
3209,218
3210,-10
3211,-207
3212,-314
3213,-349
3214,-334
3215,-290
3216,-223
3217,-161
3218,-126
3219,-104
3220,-93
3221,-84
3222,-73
3223,-63
3224,-51
3225,-36
3226,-19
3227,-5
3228,5
3229,14
3230,21
3231,27
3232,30
3233,33
3234,35
3235,39
3236,43
3237,46
3238,41
3239,30
3240,23
3241,16
3242,10
3243,6
3244,6
3245,9
3246,15
3247,21
3248,25
3249,30
3250,34
3251,39
3252,44
3253,49
3254,53
3255,58
3256,62
3257,65
3258,69
3259,73
3260,77
3261,81
3262,85
3263,90
3264,95
3265,100
3266,105
3267,110
3268,115
3269,120
3270,125
3271,132
3272,142
3273,150
3274,155
3275,159
3276,164
3277,172
3278,171
3279,157
3280,136
3281,109
3282,89
3283,76
3284,63
3285,50
3286,45
3287,41
3288,36
3289,32
3290,29
3291,26
3292,24
3293,22
3294,20
3295,18
3296,17
3297,16
3298,16
3299,17
3300,18
3301,18
3302,18
3303,19
3304,21
3305,24
3306,27
3307,29
3308,30
3309,32
3310,35
3311,38
3312,42
3313,45
3314,48
3315,53
3316,59
3317,65
3318,69
3319,70
3320,67
3321,60
3322,52
3323,42
3324,28
3325,7
3326,-4
3327,-10
3328,-15
3329,-19
3330,-22
3331,-23
3332,-24
3333,-24
3334,-24
3335,-23
3336,-20
3337,-17
3338,-14
3339,-11
3340,-8
3341,-5
3342,0
3343,6
3344,11
3345,12
3346,7
3347,0
3348,-6
3349,-11
3350,-16
3351,-21
3352,-26
3353,-29
3354,-30
3355,-28
3356,-22
3357,-14
3358,-7
3359,0
3360,6
3361,14
3362,22
3363,27
3364,31
3365,34
3366,37
3367,39
3368,41
3369,43
3370,45
3371,46
3372,47
3373,48
3374,49
3375,50
3376,50
3377,50
3378,49
3379,47
3380,46
3381,44
3382,43
3383,41
3384,39
3385,38
3386,37
3387,36
3388,35
3389,33
3390,31
3391,28
3392,25
3393,22
3394,20
3395,17
3396,14
3397,11
3398,8
3399,5
3400,3
3401,0
3402,-4
3403,-11
3404,-15
3405,-15
3406,-12
3407,-6
3408,3
3409,34
3410,84
3411,155
3412,239
3413,338
3414,445
3415,543
3416,589
3417,581
3418,491
3419,308
3420,84
3421,-130
3422,-293
3423,-364
3424,-371
3425,-334
3426,-267
3427,-201
3428,-151
3429,-121
3430,-105
3431,-97
3432,-91
3433,-86
3434,-82
3435,-77
3436,-73
3437,-69
3438,-66
3439,-63
3440,-60
3441,-57
3442,-54
3443,-52
3444,-50
3445,-49
3446,-49
3447,-49
3448,-49
3449,-50
3450,-52
3451,-53
3452,-54
3453,-55
3454,-58
3455,-60
3456,-62
3457,-62
3458,-59
3459,-54
3460,-48
3461,-41
3462,-36
3463,-29
3464,-21
3465,-12
3466,0
3467,9
3468,14
3469,18
3470,22
3471,26
3472,30
3473,34
3474,38
3475,41
3476,43
3477,45
3478,47
3479,47
3480,47
3481,46
3482,44
3483,42
3484,40
3485,38
3486,36
3487,33
3488,30
3489,26
3490,23
3491,18
3492,5
3493,-7
3494,-21
3495,-38
3496,-56
3497,-66
3498,-70
3499,-74
3500,-77
3501,-81
3502,-84
3503,-84
3504,-84
3505,-84
3506,-84
3507,-84
3508,-84
3509,-81
3510,-78
3511,-74
3512,-70
3513,-67
3514,-64
3515,-60
3516,-53
3517,-47
3518,-40
3519,-34
3520,-27
3521,-17
3522,-17
3523,-28
3524,-44
3525,-55
3526,-57
3527,-59
3528,-62
3529,-68
3530,-76
3531,-82
3532,-91
3533,-96
3534,-94
3535,-92
3536,-90
3537,-89
3538,-89
3539,-89
3540,-89
3541,-90
3542,-89
3543,-88
3544,-86
3545,-84
3546,-82
3547,-81
3548,-79
3549,-77
3550,-75
3551,-73
3552,-71
3553,-70
3554,-69
3555,-67
3556,-65
3557,-62
3558,-59
3559,-56
3560,-54
3561,-53
3562,-50
3563,-48
3564,-47
3565,-46
3566,-46
3567,-46
3568,-46
3569,-46
3570,-45
3571,-44
3572,-43
3573,-43
3574,-42
3575,-39
3576,-36
3577,-33
3578,-30
3579,-27
3580,-24
3581,-21
3582,-16
3583,-8
3584,0
3585,9
3586,17
3587,24
3588,33
3589,40
3590,41
3591,37
3592,30
3593,23
3594,14
3595,6
3596,-1
3597,-7
3598,-13
3599,-19
3600,-22
3601,-21
3602,-19
3603,-17
3604,-16
3605,-14
3606,-13
3607,-13
3608,-13
3609,-13
3610,-12
3611,-11
3612,-9
3613,-8
3614,-8
3615,-7
3616,-6
3617,-5
3618,-4
3619,-1
3620,1
3621,19
3622,95
3623,210
3624,343
3625,466
3626,537
3627,538
3628,477
3629,326
3630,140
3631,-43
3632,-193
3633,-281
3634,-295
3635,-278
3636,-216
3637,-152
3638,-101
3639,-81
3640,-72
3641,-67
3642,-61
3643,-53
3644,-43
3645,-21
3646,-7
3647,-6
3648,-5
3649,-4
3650,-3
3651,-3
3652,-4
3653,-3
3654,-1
3655,1
3656,5
3657,9
3658,15
3659,24
3660,22
3661,8
3662,0
3663,-7
3664,-13
3665,-17
3666,-18
3667,-16
3668,-12
3669,-6
3670,0
3671,12
3672,38
3673,56
3674,64
3675,71
3676,77
3677,82
3678,86
3679,89
3680,94
3681,105
3682,124
3683,138
3684,145
3685,150
3686,154
3687,158
3688,162
3689,166
3690,171
3691,175
3692,177
3693,175
3694,170
3695,163
3696,156
3697,147
3698,139
3699,130
3700,124
3701,119
3702,114
3703,110
3704,106
3705,102
3706,97
3707,89
3708,78
3709,67
3710,60
3711,55
3712,50
3713,47
3714,45
3715,44
3716,43
3717,43
3718,42
3719,40
3720,37
3721,32
3722,27
3723,21
3724,13
3725,12
3726,19
3727,23
3728,27
3729,30
3730,34
3731,35
3732,35
3733,33
3734,31
3735,30
3736,28
3737,25
3738,20
3739,19
3740,24
3741,31
3742,37
3743,28
3744,19
3745,12
3746,4
3747,-4
3748,-31
3749,-55
3750,-64
3751,-67
3752,-63
3753,-53
3754,-41
3755,-26
3756,-19
3757,-9
3758,1
3759,9
3760,14
3761,13
3762,7
3763,3
3764,1
3765,-1
3766,-3
3767,-5
3768,-5
3769,-5
3770,-3
3771,-2
3772,0
3773,2
3774,7
3775,6
3776,0
3777,-11
3778,-19
3779,-22
3780,-25
3781,-25
3782,-21
3783,-18
3784,-14
3785,-10
3786,-2
3787,11
3788,23
3789,28
3790,32
3791,32
3792,26
3793,20
3794,14
3795,14
3796,23
3797,30
3798,37
3799,44
3800,51
3801,56
3802,61
3803,65
3804,67
3805,65
3806,60
3807,52
3808,39
3809,22
3810,16
3811,13
3812,10
3813,8
3814,7
3815,6
3816,6
3817,7
3818,8
3819,9
3820,12
3821,16
3822,9
3823,-3
3824,-14
3825,-19
3826,-22
3827,-24
3828,-21
3829,-13
3830,8
3831,45
3832,100
3833,178
3834,278
3835,391
3836,503
3837,590
3838,621
3839,570
3840,424
3841,202
3842,-42
3843,-247
3844,-348
3845,-360
3846,-319
3847,-234
3848,-154
3849,-115
3850,-103
3851,-95
3852,-90
3853,-85
3854,-63
3855,-27
3856,0
3857,9
3858,14
3859,13
3860,7
3861,0
3862,-4
3863,-8
3864,-12
3865,-15
3866,-18
3867,-19
3868,-20
3869,-20
3870,-20
3871,-20
3872,-19
3873,-19
3874,-18
3875,-17
3876,-16
3877,-15
3878,-12
3879,-9
3880,-4
3881,0
3882,5
3883,11
3884,16
3885,21
3886,25
3887,29
3888,35
3889,44
3890,52
3891,63
3892,77
3893,90
3894,104
3895,119
3896,128
3897,133
3898,136
3899,123
3900,112
3901,104
3902,98
3903,94
3904,91
3905,88
3906,82
3907,69
3908,53
3909,42
3910,31
3911,17
3912,-2
3913,-25
3914,-46
3915,-59
3916,-68
3917,-74
3918,-79
3919,-83
3920,-88
3921,-94
3922,-102
3923,-111
3924,-124
3925,-143
3926,-160
3927,-172
3928,-186
3929,-195
3930,-203
3931,-209
3932,-208
3933,-198
3934,-185
3935,-174
3936,-161
3937,-151
3938,-149
3939,-149
3940,-150
3941,-151
3942,-151
3943,-165
3944,-174
3945,-178
3946,-182
3947,-185
3948,-188
3949,-190
3950,-191
3951,-192
3952,-192
3953,-193
3954,-193
3955,-192
3956,-191
3957,-189
3958,-187
3959,-185
3960,-181
3961,-182
3962,-190
3963,-198
3964,-206
3965,-206
3966,-196
3967,-187
3968,-178
3969,-169
3970,-161
3971,-156
3972,-153
3973,-150
3974,-147
3975,-143
3976,-140
3977,-138
3978,-136
3979,-134
3980,-131
3981,-127
3982,-124
3983,-122
3984,-122
3985,-126
3986,-130
3987,-134
3988,-138
3989,-145
3990,-148
3991,-144
3992,-136
3993,-128
3994,-119
3995,-111
3996,-105
3997,-102
3998,-101
3999,-99
4000,-96
4001,-94
4002,-92
4003,-89
4004,-87
4005,-85
4006,-82
4007,-77
4008,-72
4009,-65
4010,-49
4011,-24
4012,-13
4013,-6
4014,-1
4015,1
4016,3
4017,4
4018,5
4019,6
4020,8
4021,9
4022,10
4023,9
4024,7
4025,4
4026,0
4027,-12
4028,-44
4029,-75
4030,-85
4031,-92
4032,-95
4033,-95
4034,-92
4035,-87
4036,-80
4037,-67
4038,-54
4039,-51
4040,-48
4041,-47
4042,-50
4043,-56
4044,-62
4045,-69
4046,-69
4047,-58
4048,-29
4049,33
4050,124
4051,241
4052,371
4053,497
4054,583
4055,590
4056,539
4057,382
4058,167
4059,-54
4060,-232
4061,-316
4062,-324
4063,-284
4064,-209
4065,-131
4066,-80
4067,-56
4068,-41
4069,-30
4070,-29
4071,-35
4072,-53
4073,-82
4074,-93
4075,-97
4076,-93
4077,-83
4078,-68
4079,-47
4080,-24
4081,-4
4082,4
4083,9
4084,13
4085,19
4086,25
4087,32
4088,36
4089,40
4090,44
4091,48
4092,51
4093,54
4094,56
4095,58
4096,61
4097,65
4098,74
4099,93
4100,103
4101,106
4102,109
4103,111
4104,113
4105,116
4106,118
4107,121
4108,123
4109,125
4110,127
4111,130
4112,133
4113,136
4114,143
4115,156
4116,164
4117,167
4118,170
4119,173
4120,176
4121,178
4122,179
4123,177
4124,174
4125,171
4126,167
4127,163
4128,159
4129,154
4130,148
4131,142
4132,135
4133,128
4134,121
4135,111
4136,102
4137,96
4138,92
4139,90
4140,88
4141,86
4142,84
4143,81
4144,77
4145,74
4146,70
4147,65
4148,59
4149,46
4150,19
4151,2
4152,-5
4153,-10
4154,-15
4155,-18
4156,-19
4157,-17
4158,-15
4159,-11
4160,-9
4161,-7
4162,-6
4163,-4
4164,-1
4165,1
4166,4
4167,6
4168,9
4169,13
4170,17
4171,21
4172,25
4173,28
4174,30
4175,33
4176,38
4177,44
4178,50
4179,54
4180,53
4181,51
4182,47
4183,43
4184,39
4185,36
4186,31
4187,25
4188,19
4189,16
4190,13
4191,11
4192,7
4193,0
4194,0
4195,9
4196,13
4197,16
4198,18
4199,20
4200,21
4201,23
4202,24
4203,27
4204,30
4205,33
4206,35
4207,36
4208,37
4209,38
4210,40
4211,43
4212,46
4213,50
4214,53
4215,57
4216,62
4217,67
4218,73
4219,80
4220,85
4221,91
4222,96
4223,102
4224,108
4225,113
4226,117
4227,119
4228,120
4229,121
4230,125
4231,131
4232,118
4233,106
4234,97
4235,88
4236,78
4237,67
4238,47
4239,18
4240,3
4241,-5
4242,-12
4243,-15
4244,-16
4245,-12
4246,-7
4247,0
4248,12
4249,30
4250,40
4251,48
4252,47
4253,33
4254,23
4255,15
4256,8
4257,3
4258,3
4259,5
4260,8
4261,12
4262,24
4263,65
4264,123
4265,201
4266,302
4267,420
4268,533
4269,609
4270,617
4271,581
4272,448
4273,255
4274,47
4275,-132
4276,-255
4277,-288
4278,-284
4279,-230
4280,-162
4281,-108
4282,-68
4283,-38
4284,-20
4285,-11
4286,-5
4287,0
4288,3
4289,5
4290,6
4291,7
4292,8
4293,9
4294,10
4295,12
4296,13
4297,14
4298,16
4299,18
4300,21
4301,25
4302,30
4303,33
4304,35
4305,36
4306,38
4307,38
4308,39
4309,39
4310,40
4311,41
4312,42
4313,44
4314,45
4315,47
4316,49
4317,51
4318,51
4319,52
4320,53
4321,54
4322,56
4323,58
4324,61
4325,64
4326,68
4327,75
4328,84
4329,92
4330,100
4331,108
4332,116
4333,127
4334,133
4335,130
4336,123
4337,118
4338,115
4339,111
4340,106
4341,100
4342,92
4343,82
4344,71
4345,57
4346,45
4347,37
4348,30
4349,24
4350,19
4351,14
4352,9
4353,4
4354,0
4355,-2
4356,-7
4357,-16
4358,-40
4359,-54
4360,-58
4361,-62
4362,-65
4363,-67
4364,-68
4365,-69
4366,-69
4367,-69
4368,-69
4369,-70
4370,-71
4371,-73
4372,-74
4373,-75
4374,-76
4375,-78
4376,-78
4377,-79
4378,-81
4379,-82
4380,-83
4381,-84
4382,-85
4383,-87
4384,-91
4385,-97
4386,-103
4387,-106
4388,-104
4389,-100
4390,-95
4391,-91
4392,-89
4393,-87
4394,-86
4395,-84
4396,-82
4397,-80
4398,-78
4399,-77
4400,-75
4401,-73
4402,-69
4403,-66
4404,-63
4405,-61
4406,-58
4407,-56
4408,-53
4409,-50
4410,-46
4411,-44
4412,-42
4413,-41
4414,-39
4415,-37
4416,-35
4417,-33
4418,-31
4419,-30
4420,-30
4421,-28
4422,-26
4423,-24
4424,-22
4425,-22
4426,-22
4427,-22
4428,-21
4429,-19
4430,-17
4431,-14
4432,-11
4433,-9
4434,-3
4435,3
4436,9
4437,15
4438,20
4439,27
4440,35
4441,39
4442,33
4443,18
4444,4
4445,-12
4446,-24
4447,-32
4448,-44
4449,-64
4450,-81
4451,-92
4452,-91
4453,-78
4454,-68
4455,-60
4456,-52
4457,-45
4458,-39
4459,-33
4460,-17
4461,2
4462,11
4463,16
4464,20
4465,23
4466,22
4467,20
4468,15
4469,9
4470,0
4471,-11
4472,7
4473,63
4474,147
4475,256
4476,377
4477,489
4478,539
4479,528
4480,428
4481,238
4482,17
4483,-180
4484,-318
4485,-358
4486,-371
4487,-356
4488,-313
4489,-261
4490,-210
4491,-164
4492,-116
4493,-66
4494,-44
4495,-36
4496,-32
4497,-27
4498,-24
4499,-23
4500,-22
4501,-21
4502,-20
4503,-18
4504,-17
4505,-15
4506,-13
4507,-11
4508,-7
4509,-4
4510,-8
4511,-15
4512,-18
4513,-20
4514,-23
4515,-26
4516,-28
4517,-30
4518,-31
4519,-33
4520,-34
4521,-34
4522,-33
4523,-31
4524,-28
4525,-25
4526,-21
4527,-17
4528,-12
4529,-4
4530,12
4531,29
4532,46
4533,62
4534,79
4535,87
4536,92
4537,97
4538,101
4539,105
4540,108
4541,110
4542,112
4543,113
4544,113
4545,113
4546,113
4547,112
4548,110
4549,108
4550,105
4551,102
4552,98
4553,93
4554,88
4555,78
4556,58
4557,41
4558,27
4559,15
4560,3
4561,-9
4562,-22
4563,-35
4564,-44
4565,-52
4566,-58
4567,-63
4568,-66
4569,-69
4570,-69
4571,-66
4572,-61
4573,-56
4574,-49
4575,-43
4576,-34
4577,-25
4578,-17
4579,-11
4580,-8
4581,-5
4582,-1
4583,1
4584,5
4585,7
4586,9
4587,8
4588,7
4589,6
4590,4
4591,2
4592,0
4593,-3
4594,-6
4595,-8
4596,-10
4597,-12
4598,-13
4599,-14
4600,-17
4601,-20
4602,-23
4603,-26
4604,-29
4605,-32
4606,-35
4607,-38
4608,-41
4609,-45
4610,-49
4611,-57
4612,-72
4613,-76
4614,-78
4615,-81
4616,-83
4617,-78
4618,-68
4619,-55
4620,-40
4621,-27
4622,-21
4623,-17
4624,-14
4625,-12
4626,-10
4627,-7
4628,-3
4629,0
4630,1
4631,3
4632,5
4633,8
4634,12
4635,18
4636,30
4637,36
4638,40
4639,44
4640,49
4641,50
4642,47
4643,46
4644,45
4645,43
4646,43
4647,43
4648,46
4649,48
4650,51
4651,54
4652,53
4653,43
4654,16
4655,-17
4656,-38
4657,-60
4658,-79
4659,-91
4660,-99
4661,-100
4662,-90
4663,-77
4664,-58
4665,-43
4666,-33
4667,-28
4668,-25
4669,-22
4670,-19
4671,-18
4672,-21
4673,-27
4674,-32
4675,-38
4676,-41
4677,-38
4678,-30
4679,-8
4680,27
4681,82
4682,156
4683,252
4684,360
4685,462
4686,522
4687,522
4688,466
4689,319
4690,122
4691,-80
4692,-244
4693,-342
4694,-366
4695,-363
4696,-325
4697,-273
4698,-223
4699,-176
4700,-136
4701,-102
4702,-86
4703,-78
4704,-74
4705,-70
4706,-62
4707,-53
4708,-46
4709,-40
4710,-35
4711,-29
4712,-24
4713,-19
4714,-14
4715,-9
4716,-3
4717,1
4718,5
4719,6
4720,5
4721,3
4722,0
4723,-2
4724,-4
4725,-6
4726,-9
4727,-12
4728,-14
4729,-12
4730,-9
4731,-4
4732,0
4733,3
4734,7
4735,12
4736,16
4737,21
4738,25
4739,29
4740,33
4741,37
4742,40
4743,43
4744,46
4745,48
4746,51
4747,54
4748,59
4749,63
4750,66
4751,68
4752,70
4753,71
4754,71
4755,70
4756,69
4757,67
4758,64
4759,60
4760,55
4761,50
4762,43
4763,28
4764,17
4765,7
4766,-2
4767,-11
4768,-24
4769,-41
4770,-53
4771,-59
4772,-64
4773,-67
4774,-68
4775,-68
4776,-65
4777,-63
4778,-59
4779,-56
4780,-51
4781,-47
4782,-45
4783,-45
4784,-47
4785,-50
4786,-52
4787,-53
4788,-54
4789,-56
4790,-58
4791,-60
4792,-60
4793,-57
4794,-53
4795,-49
4796,-45
4797,-43
4798,-40
4799,-37
4800,-34
4801,-32
4802,-31
4803,-30
4804,-30
4805,-30
4806,-30
4807,-30
4808,-30
4809,-31
4810,-32
4811,-33
4812,-34
4813,-36
4814,-37
4815,-39
4816,-40
4817,-40
4818,-40
4819,-40
4820,-39
4821,-38
4822,-37
4823,-36
4824,-35
4825,-33
4826,-33
4827,-32
4828,-31
4829,-30
4830,-29
4831,-28
4832,-27
4833,-26
4834,-25
4835,-22
4836,-18
4837,-11
4838,-5
4839,1
4840,8
4841,17
4842,27
4843,35
4844,42
4845,48
4846,52
4847,55
4848,59
4849,62
4850,65
4851,68
4852,70
4853,71
4854,73
4855,73
4856,74
4857,74
4858,73
4859,72
4860,70
4861,67
4862,64
4863,60
4864,55
4865,49
4866,44
4867,35
4868,15
4869,4
4870,-10
4871,-29
4872,-48
4873,-69
4874,-79
4875,-85
4876,-89
4877,-93
4878,-95
4879,-96
4880,-96
4881,-95
4882,-92
4883,-89
4884,-85
4885,-79
4886,-55
4887,2
4888,97
4889,227
4890,371
4891,505
4892,594
4893,606
4894,576
4895,442
4896,237
4897,-2
4898,-216
4899,-352
4900,-393
4901,-359
4902,-287
4903,-202
4904,-130
4905,-104
4906,-96
4907,-92
4908,-85
4909,-78
4910,-71
4911,-64
4912,-56
4913,-48
4914,-45
4915,-47
4916,-53
4917,-61
4918,-69
4919,-76
4920,-82
4921,-84
4922,-81
4923,-76
4924,-70
4925,-66
4926,-62
4927,-58
4928,-53
4929,-48
4930,-42
4931,-35
4932,-25
4933,-9
4934,4
4935,18
4936,31
4937,42
4938,48
4939,52
4940,56
4941,59
4942,61
4943,63
4944,65
4945,67
4946,70
4947,73
4948,76
4949,79
4950,82
4951,85
4952,89
4953,92
4954,95
4955,97
4956,99
4957,100
4958,102
4959,104
4960,106
4961,107
4962,108
4963,107
4964,103
4965,98
4966,92
4967,84
4968,71
4969,61
4970,53
4971,48
4972,44
4973,38
4974,30
4975,23
4976,19
4977,16
4978,13
4979,11
4980,9
4981,8
4982,7
4983,6
4984,5
4985,4
4986,3
4987,2
4988,1
4989,1
4990,1
4991,1
4992,1
4993,1
4994,1
4995,0
4996,0
4997,-2
4998,-7
4999,-20
5000,-27
5001,-30
5002,-32
5003,-35
5004,-37
5005,-38
5006,-38
5007,-39
5008,-39
5009,-39
5010,-38
5011,-37
5012,-35
5013,-32
5014,-30
5015,-27
5016,-25
5017,-23
5018,-19
5019,-16
5020,-16
5021,-19
5022,-24
5023,-30
5024,-41
5025,-61
5026,-79
5027,-90
5028,-93
5029,-97
5030,-100
5031,-90
5032,-77
5033,-65
5034,-57
5035,-51
5036,-46
5037,-43
5038,-44
5039,-48
5040,-55
5041,-68
5042,-79
5043,-82
5044,-84
5045,-83
5046,-75
5047,-62
5048,-46
5049,-30
5050,-12
5051,7
5052,25
5053,37
5054,45
5055,52
5056,56
5057,60
5058,64
5059,63
5060,53
5061,43
5062,34
5063,26
5064,20
5065,9
5066,-6
5067,-15
5068,-19
5069,-23
5070,-27
5071,-31
5072,-35
5073,-39
5074,-45
5075,-51
5076,-58
5077,-63
5078,-69
5079,-75
5080,-81
5081,-89
5082,-98
5083,-105
5084,-113
5085,-118
5086,-117
5087,-114
5088,-107
5089,-87
5090,-46
5091,17
5092,105
5093,210
5094,319
5095,413
5096,469
5097,473
5098,432
5099,300
5100,105
5101,-101
5102,-258
5103,-337
5104,-350
5105,-335
5106,-267
5107,-180
5108,-106
5109,-76
5110,-66
5111,-77
5112,-85
5113,-90
5114,-94
5115,-97
5116,-99
5117,-101
5118,-103
5119,-106
5120,-109
5121,-113
5122,-116
5123,-116
5124,-111
5125,-101
5126,-87
5127,-67
5128,-56
5129,-51
5130,-46
5131,-42
5132,-37
5133,-33
5134,-29
5135,-24
5136,-19
5137,-11
5138,-2
5139,5
5140,11
5141,17
5142,22
5143,26
5144,30
5145,32
5146,36
5147,39
5148,43
5149,48
5150,53
5151,59
5152,68
5153,79
5154,81
5155,84
5156,86
5157,76
5158,67
5159,63
5160,58
5161,55
5162,54
5163,54
5164,55
5165,58
5166,60
5167,63
5168,67
5169,73
5170,76
5171,73
5172,65
5173,43
5174,16
5175,0
5176,-13
5177,-21
5178,-26
5179,-30
5180,-32
5181,-34
5182,-37
5183,-40
5184,-32
5185,-24
5186,-18
5187,-15
5188,-17
5189,-21
5190,-25
5191,-30
5192,-24
5193,-20
5194,-18
5195,-16
5196,-15
5197,-15
5198,-14
5199,-11
5200,-8
5201,-5
5202,-2
5203,0
5204,2
5205,6
5206,9
5207,14
5208,18
5209,22
5210,26
5211,31
5212,36
5213,38
5214,37
5215,34
5216,30
5217,25
5218,17
5219,5
5220,-3
5221,-10
5222,-16
5223,-20
5224,-18
5225,-12
5226,-4
5227,3
5228,13
5229,18
5230,13
5231,4
5232,-1
5233,-6
5234,-10
5235,-13
5236,-15
5237,-14
5238,-11
5239,-8
5240,-4
5241,0
5242,9
5243,16
5244,20
5245,23
5246,26
5247,29
5248,32
5249,35
5250,39
5251,47
5252,63
5253,75
5254,83
5255,90
5256,97
5257,102
5258,107
5259,111
5260,113
5261,111
5262,106
5263,98
5264,89
5265,76
5266,64
5267,50
5268,28
5269,14
5270,7
5271,1
5272,-2
5273,-5
5274,-5
5275,-5
5276,-4
5277,-3
5278,-1
5279,0
5280,1
5281,4
5282,5
5283,5
5284,2
5285,-1
5286,-4
5287,-7
5288,-8
5289,-5
5290,2
5291,25
5292,60
5293,111
5294,183
5295,275
5296,379
5297,475
5298,539
5299,542
5300,498
5301,364
5302,183
5303,-2
5304,-154
5305,-217
5306,-237
5307,-229
5308,-205
5309,-177
5310,-150
5311,-118
5312,-97
5313,-76
5314,-62
5315,-49
5316,-41
5317,-35
5318,-29
5319,-23
5320,-19
5321,-15
5322,-5
5323,13
5324,27
5325,34
5326,39
5327,43
5328,45
5329,47
5330,51
5331,56
5332,45
5333,36
5334,29
5335,23
5336,16
5337,10
5338,3
5339,-5
5340,-9
5341,-5
5342,2
5343,10
5344,17
5345,24
5346,28
5347,31
5348,35
5349,40
5350,39
5351,31
5352,25
5353,18
5354,15
5355,19
5356,27
5357,34
5358,41
5359,48
5360,55
5361,61
5362,66
5363,71
5364,76
5365,80
5366,82
5367,82
5368,81
5369,78
5370,74
5371,70
5372,63
5373,47
5374,33
5375,21
5376,7
5377,-3
5378,-12
5379,-19
5380,-20
5381,-19
5382,-18
5383,-17
5384,-15
5385,-14
5386,-12
5387,-11
5388,-11
5389,-12
5390,-14
5391,-16
5392,-18
5393,-22
5394,-26
5395,-27
5396,-23
5397,-18
5398,-16
5399,-13
5400,-11
5401,-8
5402,-6
5403,-3
5404,0
5405,1
5406,3
5407,4
5408,5
5409,6
5410,7
5411,8
5412,9
5413,10
5414,11
5415,13
5416,15
5417,17
5418,17
5419,17
5420,14
5421,11
5422,7
5423,3
5424,0
5425,-2
5426,-4
5427,-7
5428,-11
5429,-14
5430,-16
5431,-18
5432,-19
5433,-20
5434,-21
5435,-21
5436,-21
5437,-21
5438,-21
5439,-20
5440,-19
5441,-19
5442,-20
5443,-20
5444,-19
5445,-15
5446,-9
5447,-2
5448,7
5449,17
5450,22
5451,25
5452,29
5453,33
5454,35
5455,36
5456,37
5457,37
5458,38
5459,37
5460,36
5461,35
5462,33
5463,29
5464,25
5465,20
5466,15
5467,3
5468,-25
5469,-58
5470,-86
5471,-111
5472,-136
5473,-155
5474,-169
5475,-185
5476,-208
5477,-226
5478,-232
5479,-236
5480,-239
5481,-241
5482,-242
5483,-242
5484,-240
5485,-239
5486,-237
5487,-235
5488,-234
5489,-232
5490,-228
5491,-226
5492,-222
5493,-216
5494,-196
5495,-145
5496,-69
5497,29
5498,144
5499,252
5500,311
5501,311
5502,255
5503,118
5504,-60
5505,-244
5506,-392
5507,-461
5508,-484
5509,-471
5510,-434
5511,-391
5512,-350
5513,-324
5514,-300
5515,-283
5516,-271
5517,-256
5518,-234
5519,-220
5520,-214
5521,-210
5522,-207
5523,-204
5524,-199
5525,-195
5526,-192
5527,-188
5528,-184
5529,-172
5530,-150
5531,-135
5532,-125
5533,-119
5534,-114
5535,-112
5536,-110
5537,-107
5538,-104
5539,-101
5540,-98
5541,-95
5542,-92
5543,-90
5544,-88
5545,-85
5546,-81
5547,-77
5548,-73
5549,-67
5550,-62
5551,-56
5552,-50
5553,-44
5554,-38
5555,-32
5556,-24
5557,-14
5558,0
5559,11
5560,21
5561,30
5562,39
5563,48
5564,58
5565,66
5566,73
5567,79
5568,81
5569,79
5570,75
5571,71
5572,67
5573,64
5574,60
5575,55
5576,49
5577,43
5578,35
5579,26
5580,14
5581,3
5582,-4
5583,-15
5584,-26
5585,-34
5586,-39
5587,-42
5588,-45
5589,-49
5590,-52
5591,-55
5592,-59
5593,-61
5594,-64
5595,-66
5596,-69
5597,-71
5598,-73
5599,-74
5600,-75
5601,-76
5602,-77
5603,-78
5604,-78
5605,-76
5606,-73
5607,-70
5608,-67
5609,-63
5610,-58
5611,-53
5612,-47
5613,-36
5614,-26
5615,-18
5616,-12
5617,-3
5618,6
5619,13
5620,18
5621,23
5622,29
5623,27
5624,13
5625,-1
5626,-17
5627,-27
5628,-33
5629,-37
5630,-41
5631,-43
5632,-44
5633,-42
5634,-37
5635,-31
5636,-26
5637,-23
5638,-21
5639,-20
5640,-18
5641,-16
5642,-14
5643,-11
5644,-8
5645,-5
5646,-3
5647,-1
5648,0
5649,2
5650,4
5651,7
5652,10
5653,16
5654,28
5655,40
5656,53
5657,62
5658,70
5659,77
5660,83
5661,88
5662,92
5663,96
5664,100
5665,104
5666,108
5667,110
5668,110
5669,106
5670,98
5671,87
5672,68
5673,41
5674,21
5675,0
5676,-20
5677,-44
5678,-58
5679,-66
5680,-72
5681,-76
5682,-78
5683,-78
5684,-75
5685,-70
5686,-64
5687,-58
5688,-53
5689,-47
5690,-41
5691,-35
5692,-29
5693,-24
5694,-20
5695,-14
5696,0
5697,20
5698,52
5699,112
5700,199
5701,306
5702,419
5703,521
5704,576
5705,577
5706,526
5707,395
5708,216
5709,26
5710,-134
5711,-226
5712,-258
5713,-247
5714,-215
5715,-159
5716,-108
5717,-83
5718,-58
5719,-45
5720,-42
5721,-41
5722,-40
5723,-39
5724,-37
5725,-36
5726,-34
5727,-31
5728,-27
5729,-23
5730,-18
5731,-12
5732,-7
5733,0
5734,8
5735,15
5736,21
5737,25
5738,28
5739,29
5740,30
5741,31
5742,33
5743,35
5744,37
5745,39
5746,42
5747,45
5748,47
5749,49
5750,51
5751,53
5752,53
5753,54
5754,54
5755,56
5756,57
5757,60
5758,63
5759,67
5760,71
5761,75
5762,79
5763,83
5764,88
5765,92
5766,95
5767,98
5768,101
5769,105
5770,110
5771,115
5772,118
5773,119
5774,117
5775,112
5776,107
5777,101
5778,96
5779,90
5780,83
5781,75
5782,68
5783,62
5784,58
5785,54
5786,49
5787,43
5788,35
5789,25
5790,16
5791,11
5792,8
5793,4
5794,1
5795,-2
5796,-6
5797,-10
5798,-13
5799,-16
5800,-18
5801,-20
5802,-23
5803,-26
5804,-30
5805,-37
5806,-43
5807,-43
5808,-36
5809,-27
5810,-21
5811,-14
5812,-8
5813,-5
5814,-6
5815,-10
5816,-17
5817,-23
5818,-28
5819,-35
5820,-42
5821,-47
5822,-47
5823,-41
5824,-34
5825,-26
5826,-20
5827,-13
5828,-7
5829,-1
5830,2
5831,1
5832,-3
5833,-8
5834,-13
5835,-17
5836,-21
5837,-25
5838,-29
5839,-34
5840,-38
5841,-42
5842,-45
5843,-47
5844,-48
5845,-49
5846,-48
5847,-47
5848,-46
5849,-45
5850,-44
5851,-43
5852,-41
5853,-40
5854,-38
5855,-37
5856,-36
5857,-33
5858,-29
5859,-24
5860,-18
5861,-13
5862,-8
5863,-3
5864,3
5865,14
5866,32
5867,53
5868,63
5869,70
5870,76
5871,81
5872,85
5873,88
5874,88
5875,86
5876,82
5877,78
5878,73
5879,67
5880,58
5881,40
5882,23
5883,2
5884,-25
5885,-42
5886,-50
5887,-57
5888,-61
5889,-64
5890,-62
5891,-56
5892,-48
5893,-41
5894,-34
5895,-23
5896,-14
5897,-10
5898,-12
5899,-16
5900,-22
5901,-28
5902,-37
5903,-42
5904,-33
5905,-9
5906,57
5907,171
5908,315
5909,462
5910,581
5911,629
5912,621
5913,535
5914,361
5915,140
5916,-69
5917,-218
5918,-268
5919,-268
5920,-219
5921,-150
5922,-86
5923,-49
5924,-37
5925,-53
5926,-83
5927,-107
5928,-120
5929,-129
5930,-111
5931,-81
5932,-49
5933,-32
5934,-23
5935,-17
5936,-13
5937,-8
5938,-1
5939,4
5940,10
5941,14
5942,17
5943,20
5944,23
5945,25
5946,26
5947,28
5948,29
5949,32
5950,34
5951,37
5952,39
5953,41
5954,42
5955,42
5956,42
5957,42
5958,42
5959,43
5960,44
5961,46
5962,48
5963,50
5964,54
5965,61
5966,68
5967,76
5968,82
5969,88
5970,95
5971,99
5972,99
5973,97
5974,93
5975,90
5976,87
5977,83
5978,81
5979,80
5980,81
5981,84
5982,87
5983,90
5984,95
5985,102
5986,101
5987,83
5988,71
5989,62
5990,53
5991,45
5992,35
5993,26
5994,15
5995,1
5996,-19
5997,-32
5998,-40
5999,-47
6000,-53
6001,-58
6002,-60
6003,-56
6004,-50
6005,-43
6006,-38
6007,-34
6008,-30
6009,-27
6010,-24
6011,-22
6012,-21
6013,-21
6014,-22
6015,-22
6016,-22
6017,-22
6018,-22
6019,-23
6020,-23
6021,-24
6022,-24
6023,-23
6024,-23
6025,-22
6026,-23
6027,-23
6028,-24
6029,-24
6030,-26
6031,-27
6032,-29
6033,-32
6034,-34
6035,-35
6036,-37
6037,-38
6038,-40
6039,-41
6040,-43
6041,-44
6042,-46
6043,-48
6044,-51
6045,-53
6046,-56
6047,-59
6048,-61
6049,-62
6050,-62
6051,-63
6052,-63
6053,-62
6054,-61
6055,-60
6056,-59
6057,-58
6058,-57
6059,-56
6060,-55
6061,-53
6062,-52
6063,-50
6064,-48
6065,-46
6066,-44
6067,-38
6068,-25
6069,-17
6070,-12
6071,-9
6072,-7
6073,-5
6074,-4
6075,-2
6076,0
6077,2
6078,5
6079,8
6080,11
6081,14
6082,18
6083,26
6084,31
6085,31
6086,26
6087,18
6088,5
6089,-17
6090,-36
6091,-50
6092,-61
6093,-74
6094,-85
6095,-88
6096,-91
6097,-93
6098,-92
6099,-80
6100,-74
6101,-70
6102,-67
6103,-65
6104,-63
6105,-60
6106,-58
6107,-55
6108,-53
6109,-51
6110,-48
6111,-44
6112,-39
6113,-17
6114,19
6115,71
6116,140
6117,233
6118,347
6119,460
6120,543
6121,555
6122,533
6123,409
6124,218
6125,11
6126,-169
6127,-299
6128,-349
6129,-353
6130,-323
6131,-268
6132,-199
6133,-132
6134,-108
6135,-99
6136,-99
6137,-106
6138,-115
6139,-122
6140,-106
6141,-79
6142,-49
6143,-34
6144,-27
6145,-22
6146,-19
6147,-16
6148,-13
6149,-9
6150,-6
6151,-4
6152,-2
6153,3
6154,12
6155,12
6156,0
6157,-8
6158,-15
6159,-21
6160,-24
6161,-25
6162,-26
6163,-29
6164,-34
6165,-22
6166,-8
6167,0
6168,12
6169,25
6170,32
6171,36
6172,40
6173,43
6174,47
6175,50
6176,53
6177,56
6178,58
6179,60
6180,63
6181,66
6182,70
6183,75
6184,84
6185,91
6186,97
6187,103
6188,110
6189,116
6190,121
6191,126
6192,130
6193,134
6194,137
6195,137
6196,134
6197,129
6198,122
6199,111
6200,92
6201,76
6202,58
6203,42
6204,29
6205,17
6206,2
6207,-16
6208,-29
6209,-39
6210,-39
6211,-31
6212,-26
6213,-22
6214,-19
6215,-17
6216,-15
6217,-15
6218,-16
6219,-19
6220,-23
6221,-27
6222,-33
6223,-43
6224,-43
6225,-30
6226,-21
6227,-13
6228,-7
6229,-3
6230,0
6231,1
6232,3
6233,5
6234,7
6235,8
6236,10
6237,10
6238,10
6239,9
6240,8
6241,5
6242,3
6243,0
6244,-4
6245,-13
6246,-32
6247,-44
6248,-51
6249,-55
6250,-55
6251,-50
6252,-42
6253,-33
6254,-21
6255,-12
6256,-4
6257,2
6258,1
6259,-15
6260,-34
6261,-52
6262,-56
6263,-59
6264,-61
6265,-60
6266,-49
6267,-32
6268,-11
6269,-1
6270,1
6271,4
6272,7
6273,9
6274,13
6275,16
6276,19
6277,21
6278,24
6279,28
6280,39
6281,57
6282,73
6283,86
6284,92
6285,97
6286,99
6287,94
6288,83
6289,67
6290,44
6291,27
6292,13
6293,0
6294,-10
6295,-20
6296,-24
6297,-22
6298,-16
6299,-7
6300,0
6301,-7
6302,-29
6303,-58
6304,-67
6305,-72
6306,-74
6307,-74
6308,-75
6309,-76
6310,-78
6311,-65
6312,-44
6313,-27
6314,-18
6315,-10
6316,0
6317,22
6318,66
6319,126
6320,208
6321,314
6322,433
6323,539
6324,596
6325,569
6326,441
6327,232
6328,-1
6329,-188
6330,-273
6331,-301
6332,-288
6333,-249
6334,-207
6335,-171
6336,-138
6337,-118
6338,-104
6339,-96
6340,-88
6341,-81
6342,-71
6343,-59
6344,-50
6345,-45
6346,-42
6347,-39
6348,-37
6349,-34
6350,-31
6351,-27
6352,-24
6353,-19
6354,-13
6355,-3
6356,4
6357,10
6358,14
6359,17
6360,19
6361,21
6362,24
6363,28
6364,32
6365,37
6366,42
6367,47
6368,52
6369,57
6370,62
6371,67
6372,71
6373,74
6374,76
6375,80
6376,85
6377,93
6378,96
6379,93
6380,87
6381,81
6382,76
6383,72
6384,72
6385,76
6386,83
6387,89
6388,97
6389,106
6390,117
6391,128
6392,140
6393,140
6394,125
6395,115
6396,107
6397,99
6398,91
6399,84
6400,77
6401,62
6402,42
6403,31
6404,25
6405,21
6406,17
6407,13
6408,11
6409,8
6410,6
6411,4
6412,2
6413,0
6414,-1
6415,-4
6416,-7
6417,-11
6418,-16
6419,-21
6420,-27
6421,-35
6422,-43
6423,-48
6424,-53
6425,-59
6426,-68
6427,-73
6428,-67
6429,-54
6430,-42
6431,-29
6432,-23
6433,-24
6434,-26
6435,-28
6436,-28
6437,-28
6438,-28
6439,-28
6440,-28
6441,-28
6442,-28
6443,-29
6444,-28
6445,-28
6446,-28
6447,-30
6448,-36
6449,-44
6450,-50
6451,-59
6452,-63
6453,-55
6454,-42
6455,-34
6456,-28
6457,-22
6458,-17
6459,-14
6460,-13
6461,-13
6462,-14
6463,-16
6464,-17
6465,-19
6466,-20
6467,-24
6468,-27
6469,-23
6470,-15
6471,-10
6472,-6
6473,-2
6474,1
6475,3
6476,4
6477,4
6478,4
6479,3
6480,2
6481,1
6482,0
6483,0
6484,5
6485,9
6486,12
6487,15
6488,16
6489,13
6490,8
6491,1
6492,-9
6493,-30
6494,-54
6495,-70
6496,-75
6497,-78
6498,-80
6499,-81
6500,-83
6501,-85
6502,-87
6503,-90
6504,-92
6505,-96
6506,-100
6507,-105
6508,-114
6509,-129
6510,-134
6511,-138
6512,-142
6513,-144
6514,-144
6515,-139
6516,-128
6517,-93
6518,-40
6519,39
6520,147
6521,275
6522,398
6523,472
6524,474
6525,410
6526,233
6527,-2
6528,-231
6529,-397
6530,-444
6531,-442
6532,-386
6533,-321
6534,-276
6535,-255
6536,-240
6537,-218
6538,-196
6539,-184
6540,-174
6541,-168
6542,-159
6543,-150
6544,-138
6545,-130
6546,-123
6547,-118
6548,-117
6549,-120
6550,-126
6551,-133
6552,-138
6553,-143
6554,-148
6555,-152
6556,-154
6557,-152
6558,-148
6559,-142
6560,-136
6561,-130
6562,-123
6563,-117
6564,-110
6565,-105
6566,-100
6567,-94
6568,-82
6569,-63
6570,-48
6571,-39
6572,-30
6573,-22
6574,-9
6575,8
6576,18
6577,23
6578,27
6579,32
6580,38
6581,46
6582,52
6583,59
6584,66
6585,74
6586,79
6587,81
6588,79
6589,74
6590,69
6591,63
6592,58
6593,51
6594,44
6595,35
6596,26
6597,16
6598,-3
6599,-25
6600,-36
6601,-44
6602,-52
6603,-61
6604,-68
6605,-76
6606,-80
6607,-75
6608,-67
6609,-62
6610,-59
6611,-56
6612,-53
6613,-51
6614,-48
6615,-46
6616,-44
6617,-42
6618,-41
6619,-41
6620,-42
6621,-44
6622,-46
6623,-49
6624,-52
6625,-54
6626,-56
6627,-58
6628,-60
6629,-62
6630,-65
6631,-67
6632,-70
6633,-75
6634,-80
6635,-84
6636,-88
6637,-91
6638,-93
6639,-95
6640,-96
6641,-96
6642,-96
6643,-95
6644,-95
6645,-96
6646,-99
6647,-101
6648,-100
6649,-93
6650,-85
6651,-82
6652,-80
6653,-78
6654,-75
6655,-73
6656,-71
6657,-69
6658,-68
6659,-66
6660,-64
6661,-62
6662,-60
6663,-58
6664,-57
6665,-56
6666,-55
6667,-54
6668,-51
6669,-48
6670,-44
6671,-40
6672,-35
6673,-29
6674,-23
6675,-19
6676,-17
6677,-15
6678,-14
6679,-12
6680,-9
6681,-7
6682,-5
6683,-4
6684,-3
6685,-3
6686,-3
6687,-3
6688,-6
6689,-10
6690,-16
6691,-23
6692,-30
6693,-38
6694,-49
6695,-60
6696,-71
6697,-81
6698,-86
6699,-91
6700,-96
6701,-100
6702,-104
6703,-107
6704,-109
6705,-110
6706,-110
6707,-110
6708,-109
6709,-107
6710,-104
6711,-100
6712,-95
6713,-88
6714,-59
6715,14
6716,133
6717,292
6718,457
6719,585
6720,625
6721,544
6722,357
6723,122
6724,-102
6725,-275
6726,-365
6727,-378
6728,-354
6729,-290
6730,-231
6731,-188
6732,-162
6733,-135
6734,-103
6735,-82
6736,-72
6737,-65
6738,-60
6739,-54
6740,-49
6741,-45
6742,-41
6743,-37
6744,-33
6745,-28
6746,-24
6747,-19
6748,-16
6749,-12
6750,-9
6751,-5
6752,-2
6753,1
6754,6
6755,11
6756,16
6757,20
6758,22
6759,20
6760,17
6761,12
6762,6
6763,1
6764,-7
6765,-11
6766,-4
6767,8
6768,19
6769,31
6770,42
6771,52
6772,64
6773,79
6774,95
6775,104
6776,111
6777,116
6778,121
6779,123
6780,123
6781,120
6782,116
6783,111
6784,106
6785,102
6786,98
6787,94
6788,89
6789,84
6790,80
6791,76
6792,72
6793,68
6794,63
6795,59
6796,54
6797,49
6798,43
6799,38
6800,34
6801,32
6802,30
6803,28
6804,26
6805,22
6806,15
6807,6
6808,-7
6809,-22
6810,-30
6811,-35
6812,-38
6813,-40
6814,-41
6815,-38
6816,-34
6817,-29
6818,-22
6819,-14
6820,-3
6821,4
6822,11
6823,20
6824,37
6825,49
6826,56
6827,61
6828,64
6829,61
6830,54
6831,43
6832,26
6833,-2
6834,-21
6835,-34
6836,-39
6837,-36
6838,-31
6839,-27
6840,-24
6841,-21
6842,-18
6843,-17
6844,-17
6845,-18
6846,-21
6847,-23
6848,-26
6849,-31
6850,-35
6851,-29
6852,-18
6853,-12
6854,-9
6855,-6
6856,-4
6857,-2
6858,0
6859,3
6860,6
6861,9
6862,10
6863,12
6864,14
6865,16
6866,19
6867,28
6868,49
6869,66
6870,77
6871,81
6872,79
6873,74
6874,69
6875,64
6876,58
6877,52
6878,32
6879,0
6880,-24
6881,-32
6882,-27
6883,-20
6884,-15
6885,-29
6886,-40
6887,-46
6888,-51
6889,-55
6890,-58
6891,-60
6892,-62
6893,-63
6894,-64
6895,-66
6896,-67
6897,-69
6898,-70
6899,-69
6900,-68
6901,-66
6902,-63
6903,-58
6904,-52
6905,-39
6906,-15
6907,25
6908,85
6909,168
6910,268
6911,377
6912,476
6913,542
6914,550
6915,520
6916,395
6917,203
6918,-4
6919,-186
6920,-309
6921,-340
6922,-336
6923,-282
6924,-212
6925,-147
6926,-101
6927,-77
6928,-71
6929,-68
6930,-65
6931,-62
6932,-58
6933,-54
6934,-51
6935,-46
6936,-37
6937,-24
6938,-12
6939,-4
6940,0
6941,2
6942,6
6943,10
6944,14
6945,18
6946,23
6947,30
6948,40
6949,48
6950,55
6951,61
6952,68
6953,71
6954,70
6955,68
6956,67
6957,65
6958,64
6959,63
6960,64
6961,69
6962,76
6963,83
6964,88
6965,95
6966,102
6967,108
6968,110
6969,109
6970,106
6971,102
6972,97
6973,93
6974,88
6975,83
6976,82
6977,84
6978,88
6979,93
6980,101
6981,112
6982,120
6983,126
6984,131
6985,133
6986,131
6987,127
6988,123
6989,119
6990,116
6991,113
6992,109
6993,105
6994,100
6995,94
6996,87
6997,72
6998,54
6999,42
7000,25
7001,9
7002,-1
7003,-5
7004,-7
7005,-9
7006,-11
7007,-9
7008,0
7009,10
7010,18
7011,23
7012,18
7013,9
7014,4
7015,0
7016,-4
7017,-7
7018,-8
7019,-7
7020,-2
7021,3
7022,10
7023,17
7024,26
7025,34
7026,38
7027,39
7028,39
7029,38
7030,37
7031,36
7032,35
7033,34
7034,32
7035,30
7036,28
7037,24
7038,19
7039,14
7040,10
7041,7
7042,4
7043,0
7044,-2
7045,-7
7046,-11
7047,-14
7048,-16
7049,-17
7050,-17
7051,-17
7052,-16
7053,-15
7054,-12
7055,-9
7056,-4
7057,0
7058,8
7059,18
7060,33
7061,50
7062,69
7063,84
7064,99
7065,113
7066,124
7067,131
7068,136
7069,140
7070,142
7071,142
7072,139
7073,134
7074,127
7075,115
7076,92
7077,64
7078,43
7079,33
7080,26
7081,21
7082,21
7083,25
7084,32
7085,45
7086,63
7087,76
7088,85
7089,85
7090,73
7091,61
7092,47
7093,36
7094,21
7095,4
7096,-7
7097,-15
7098,-15
7099,-7
7100,16
7101,68
7102,149
7103,261
7104,397
7105,529
7106,604
7107,604
7108,527
7109,345
7110,124
7111,-76
7112,-212
7113,-244
7114,-239
7115,-182
7116,-124
7117,-85
7118,-74
7119,-68
7120,-63
7121,-60
7122,-58
7123,-56
7124,-55
7125,-53
7126,-53
7127,-53
7128,-54
7129,-54
7130,-53
7131,-52
7132,-50
7133,-48
7134,-46
7135,-45
7136,-42
7137,-39
7138,-36
7139,-32
7140,-29
7141,-25
7142,-19
7143,-11
7144,-5
7145,-1
7146,2
7147,5
7148,9
7149,14
7150,18
7151,23
7152,29
7153,34
7154,41
7155,55
7156,77
7157,87
7158,93
7159,97
7160,99
7161,99
7162,97
7163,95
7164,92
7165,90
7166,88
7167,87
7168,87
7169,87
7170,86
7171,85
7172,83
7173,82
7174,80
7175,78
7176,77
7177,75
7178,74
7179,72
7180,70
7181,68
7182,65
7183,61
7184,52
7185,43
7186,34
7187,29
7188,26
7189,23
7190,20
7191,17
7192,14
7193,13
7194,14
7195,17
7196,21
7197,24
7198,28
7199,30
7200,34
7201,38
7202,42
7203,45
7204,46
7205,45
7206,41
7207,38
7208,34
7209,30
7210,25
7211,17
7212,9
7213,2
7214,-4
7215,-11
7216,-18
7217,-23
7218,-24
7219,-23
7220,-21
7221,-20
7222,-17
7223,-15
7224,-13
7225,-14
7226,-19
7227,-26
7228,-34
7229,-40
7230,-47
7231,-54
7232,-60
7233,-61
7234,-60
7235,-55
7236,-48
7237,-40
7238,-26
7239,-12
7240,-3
7241,2
7242,7
7243,12
7244,17
7245,20
7246,23
7247,24
7248,25
7249,27
7250,29
7251,31
7252,33
7253,34
7254,34
7255,36
7256,37
7257,39
7258,40
7259,41
7260,41
7261,43
7262,47
7263,45
7264,31
7265,17
7266,4
7267,-6
7268,-15
7269,-29
7270,-51
7271,-63
7272,-69
7273,-74
7274,-77
7275,-80
7276,-81
7277,-81
7278,-81
7279,-80
7280,-78
7281,-74
7282,-70
7283,-65
7284,-60
7285,-54
7286,-47
7287,-39
7288,-31
7289,-26
7290,-21
7291,-15
7292,-2
7293,25
7294,83
7295,171
7296,279
7297,382
7298,440
7299,442
7300,391
7301,260
7302,76
7303,-120
7304,-285
7305,-378
7306,-389
7307,-355
7308,-272
7309,-190
7310,-140
7311,-123
7312,-139
7313,-165
7314,-185
7315,-197
7316,-196
7317,-165
7318,-126
7319,-110
7320,-104
7321,-101
7322,-99
7323,-97
7324,-96
7325,-94
7326,-90
7327,-85
7328,-81
7329,-78
7330,-73
7331,-69
7332,-64
7333,-58
7334,-53
7335,-51
7336,-52
7337,-53
7338,-55
7339,-56
7340,-57
7341,-60
7342,-63
7343,-66
7344,-67
7345,-66
7346,-63
7347,-60
7348,-59
7349,-57
7350,-56
7351,-54
7352,-52
7353,-49
7354,-46
7355,-44
7356,-41
7357,-38
7358,-35
7359,-32
7360,-28
7361,-17
7362,2
7363,12
7364,18
7365,23
7366,25
7367,21
7368,14
7369,6
7370,1
7371,-2
7372,-7
7373,-11
7374,-14
7375,-17
7376,-21
7377,-24
7378,-26
7379,-28
7380,-30
7381,-32
7382,-36
7383,-40
7384,-48
7385,-57
7386,-67
7387,-75
7388,-82
7389,-90
7390,-99
7391,-108
7392,-114
7393,-118
7394,-122
7395,-125
7396,-127
7397,-128
7398,-127
7399,-125
7400,-121
7401,-116
7402,-113
7403,-110
7404,-108
7405,-105
7406,-102
7407,-99
7408,-97
7409,-95
7410,-93
7411,-92
7412,-90
7413,-88
7414,-86
7415,-85
7416,-86
7417,-87
7418,-88
7419,-89
7420,-89
7421,-90
7422,-90
7423,-91
7424,-92
7425,-93
7426,-94
7427,-95
7428,-99
7429,-93
7430,-76
7431,-66
7432,-62
7433,-67
7434,-77
7435,-85
7436,-93
7437,-102
7438,-111
7439,-120
7440,-129
7441,-141
7442,-148
7443,-144
7444,-134
7445,-119
7446,-100
7447,-84
7448,-65
7449,-42
7450,-22
7451,-10
7452,-2
7453,4
7454,9
7455,14
7456,20
7457,18
7458,5
7459,-7
7460,-21
7461,-30
7462,-40
7463,-49
7464,-66
7465,-74
7466,-78
7467,-81
7468,-84
7469,-86
7470,-89
7471,-92
7472,-95
7473,-97
7474,-100
7475,-102
7476,-105
7477,-107
7478,-110
7479,-114
7480,-123
7481,-139
7482,-141
7483,-143
7484,-145
7485,-144
7486,-131
7487,-97
7488,-36
7489,52
7490,160
7491,276
7492,384
7493,466
7494,486
7495,470
7496,367
7497,198
7498,8
7499,-161
7500,-280
7501,-316
7502,-328
7503,-313
7504,-268
7505,-223
7506,-183
7507,-159
7508,-140
7509,-127
7510,-118
7511,-107
7512,-86
7513,-56
7514,-37
7515,-31
7516,-27
7517,-25
7518,-24
7519,-25
7520,-26
7521,-28
7522,-29
7523,-31
7524,-33
7525,-34
7526,-33
7527,-29
7528,-25
7529,-17
7530,0
7531,12
7532,19
7533,26
7534,37
7535,47
7536,53
7537,57
7538,60
7539,63
7540,66
7541,68
7542,71
7543,73
7544,75
7545,76
7546,78
7547,80
7548,83
7549,88
7550,97
7551,110
7552,119
7553,126
7554,132
7555,138
7556,145
7557,150
7558,154
7559,158
7560,162
7561,165
7562,167
7563,168
7564,168
7565,166
7566,163
7567,158
7568,152
7569,146
7570,136
7571,118
7572,106
7573,101
7574,97
7575,94
7576,92
7577,89
7578,86
7579,84
7580,81
7581,79
7582,78
7583,77
7584,75
7585,73
7586,72
7587,71
7588,70
7589,69
7590,68
7591,66
7592,64
7593,63
7594,62
7595,61
7596,61
7597,60
7598,59
7599,59
7600,60
7601,61
7602,62
7603,62
7604,62
7605,62
7606,63
7607,65
7608,67
7609,69
7610,69
7611,70
7612,72
7613,74
7614,76
7615,78
7616,77
7617,74
7618,70
7619,65
7620,60
7621,56
7622,50
7623,43
7624,38
7625,34
7626,32
7627,30
7628,29
7629,26
7630,24
7631,21
7632,19
7633,18
7634,18
7635,18
7636,18
7637,18
7638,19
7639,21
7640,24
7641,27
7642,30
7643,34
7644,38
7645,45
7646,61
7647,73
7648,85
7649,96
7650,103
7651,108
7652,111
7653,115
7654,116
7655,116
7656,114
7657,109
7658,103
7659,92
7660,73
7661,60
7662,52
7663,43
7664,35
7665,27
7666,17
7667,16
7668,24
7669,32
7670,40
7671,40
7672,27
7673,16
7674,7
7675,0
7676,-4
7677,-8
7678,-12
7679,-18
7680,-20
7681,-16
7682,-7
7683,5
7684,21
7685,43
7686,85
7687,151
7688,239
7689,346
7690,459
7691,558
7692,589
7693,575
7694,472
7695,289
7696,72
7697,-128
7698,-264
7699,-308
7700,-308
7701,-270
7702,-202
7703,-134
7704,-100
7705,-90
7706,-85
7707,-79
7708,-75
7709,-71
7710,-68
7711,-64
7712,-61
7713,-58
7714,-56
7715,-55
7716,-54
7717,-53
7718,-51
7719,-49
7720,-47
7721,-45
7722,-43
7723,-41
7724,-39
7725,-36
7726,-32
7727,-27
7728,-23
7729,-18
7730,-13
7731,-4
7732,10
7733,24
7734,41
7735,62
7736,72
7737,77
7738,80
7739,84
7740,87
7741,91
7742,94
7743,97
7744,99
7745,101
7746,104
7747,108
7748,113
7749,123
7750,129
7751,125
7752,117
7753,103
7754,90
7755,86
7756,84
7757,83
7758,82
7759,82
7760,80
7761,77
7762,75
7763,73
7764,70
7765,67
7766,63
7767,55
7768,37
7769,23
7770,12
7771,0
7772,-5
7773,-9
7774,-14
7775,-17
7776,-20
7777,-22
7778,-22
7779,-21
7780,-20
7781,-18
7782,-15
7783,-12
7784,-8
7785,-4
7786,-2
7787,-3
7788,-8
7789,-14
7790,-17
7791,-21
7792,-24
7793,-27
7794,-32
7795,-37
7796,-43
7797,-48
7798,-53
7799,-58
7800,-63
7801,-69
7802,-74
7803,-77
7804,-79
7805,-80
7806,-79
7807,-78
7808,-77
7809,-75
7810,-72
7811,-67
7812,-75
7813,-81
7814,-85
7815,-87
7816,-88
7817,-88
7818,-87
7819,-83
7820,-78
7821,-73
7822,-67
7823,-59
7824,-52
7825,-48
7826,-45
7827,-42
7828,-41
7829,-39
7830,-38
7831,-38
7832,-37
7833,-38
7834,-38
7835,-39
7836,-41
7837,-43
7838,-47
7839,-51
7840,-55
7841,-63
7842,-77
7843,-80
7844,-83
7845,-86
7846,-85
7847,-70
7848,-48
7849,-20
7850,8
7851,34
7852,49
7853,59
7854,63
7855,59
7856,48
7857,31
7858,9
7859,-5
7860,-16
7861,-23
7862,-25
7863,-26
7864,-28
7865,-29
7866,-31
7867,-31
7868,-31
7869,-32
7870,-32
7871,-34
7872,-35
7873,-36
7874,-37
7875,-37
7876,-37
7877,-38
7878,-40
7879,-42
7880,-44
7881,-47
7882,-50
7883,-58
7884,-64
7885,-61
7886,-51
7887,-23
7888,35
7889,123
7890,231
7891,341
7892,426
7893,446
7894,435
7895,355
7896,221
7897,49
7898,-131
7899,-277
7900,-376
7901,-424
7902,-428
7903,-398
7904,-328
7905,-241
7906,-158
7907,-118
7908,-107
7909,-101
7910,-97
7911,-94
7912,-91
7913,-88
7914,-84
7915,-82
7916,-80
7917,-78
7918,-76
7919,-74
7920,-72
7921,-69
7922,-66
7923,-62
7924,-58
7925,-52
7926,-47
7927,-46
7928,-48
7929,-53
7930,-60
7931,-72
7932,-89
7933,-98
7934,-105
7935,-105
7936,-93
7937,-81
7938,-68
7939,-57
7940,-47
7941,-36
7942,-28
7943,-22
7944,-19
7945,-16
7946,-12
7947,-8
7948,-4
7949,0
7950,5
7951,14
7952,28
7953,45
7954,69
7955,88
7956,94
7957,99
7958,102
7959,103
7960,101
7961,96
7962,88
7963,79
7964,65
7965,55
7966,45
7967,35
7968,24
7969,9
7970,-11
7971,-32
7972,-46
7973,-60
7974,-74
7975,-87
7976,-93
7977,-97
7978,-100
7979,-102
7980,-102
7981,-102
7982,-98
7983,-92
7984,-84
7985,-73
7986,-59
7987,-56
7988,-55
7989,-53
7990,-52
7991,-51
7992,-50
7993,-49
7994,-49
7995,-48
7996,-48
7997,-48
7998,-48
7999,-49
8000,-50
8001,-52
8002,-53
8003,-55
8004,-57
8005,-60
8006,-62
8007,-64
8008,-67
8009,-69
8010,-72
8011,-76
8012,-79
8013,-82
8014,-84
8015,-86
8016,-87
8017,-88
8018,-88
8019,-89
8020,-90
8021,-90
8022,-91
8023,-90
8024,-86
8025,-80
8026,-74
8027,-68
8028,-63
8029,-57
8030,-51
8031,-45
8032,-41
8033,-39
8034,-40
8035,-42
8036,-44
8037,-46
8038,-48
8039,-50
8040,-53
8041,-57
8042,-59
8043,-59
8044,-55
8045,-48
8046,-39
8047,-22
8048,1
8049,18
8050,31
8051,46
8052,58
8053,69
8054,73
8055,68
8056,57
8057,41
8058,19
8059,3
8060,-4
8061,-11
8062,-18
8063,-24
8064,-27
8065,-30
8066,-32
8067,-35
8068,-37
8069,-39
8070,-40
8071,-40
8072,-39
8073,-38
8074,-36
8075,-33
8076,-30
8077,-28
8078,-24
8079,-21
8080,-18
8081,-14
8082,-9
8083,-5
8084,1
8085,14
8086,40
8087,88
8088,164
8089,266
8090,378
8091,479
8092,539
8093,541
8094,488
8095,341
8096,136
8097,-76
8098,-245
8099,-318
8100,-325
8101,-290
8102,-239
8103,-196
8104,-176
8105,-160
8106,-141
8107,-107
8108,-64
8109,-25
8110,-11
8111,-4
8112,0
8113,-1
8114,-8
8115,-15
8116,-23
8117,-22
8118,-9
8119,0
8120,5
8121,11
8122,15
8123,17
8124,18
8125,20
8126,22
8127,23
8128,25
8129,26
8130,27
8131,29
8132,31
8133,33
8134,36
8135,40
8136,44
8137,48
8138,54
8139,65
8140,74
8141,83
8142,88
8143,93
8144,97
8145,100
8146,102
8147,103
8148,103
8149,102
8150,100
8151,98
8152,96
8153,92
8154,85
8155,85
8156,97
8157,114
8158,141
8159,165
8160,181
8161,186
8162,190
8163,194
8164,183
8165,169
8166,156
8167,144
8168,133
8169,124
8170,116
8171,109
8172,98
8173,80
8174,63
8175,51
8176,34
8177,26
8178,21
8179,17
8180,14
8181,12
8182,9
8183,7
8184,4
8185,1
8186,-1
8187,-4
8188,-8
8189,-11
8190,-15
8191,-21
8192,-27
8193,-33
8194,-39
8195,-44
8196,-49
8197,-55
8198,-60
8199,-64
8200,-65
8201,-61
8202,-55
8203,-45
8204,-33
8205,-17
8206,-15
8207,-14
8208,-13
8209,-12
8210,-11
8211,-11
8212,-16
8213,-23
8214,-30
8215,-36
8216,-43
8217,-49
8218,-55
8219,-59
8220,-63
8221,-66
8222,-70
8223,-76
8224,-79
8225,-76
8226,-70
8227,-64
8228,-59
8229,-54
8230,-51
8231,-53
8232,-58
8233,-64
8234,-69
8235,-75
8236,-79
8237,-72
8238,-60
8239,-50
8240,-40
8241,-31
8242,-23
8243,-14
8244,-5
8245,4
8246,13
8247,20
8248,26
8249,31
8250,36
8251,38
8252,37
8253,34
8254,28
8255,22
8256,11
8257,-8
8258,-31
8259,-53
8260,-72
8261,-85
8262,-95
8263,-99
8264,-102
8265,-105
8266,-109
8267,-111
8268,-113
8269,-113
8270,-112
8271,-111
8272,-109
8273,-107
8274,-104
8275,-100
8276,-94
8277,-85
8278,-76
8279,-65
8280,-48
8281,-21
8282,28
8283,103
8284,201
8285,309
8286,403
8287,427
8288,410
8289,293
8290,107
8291,-97
8292,-277
8293,-371
8294,-402
8295,-381
8296,-317
8297,-228
8298,-164
8299,-141
8300,-139
8301,-147
8302,-154
8303,-160
8304,-163
8305,-157
8306,-144
8307,-129
8308,-113
8309,-106
8310,-103
8311,-101
8312,-100
8313,-100
8314,-98
8315,-96
8316,-92
8317,-87
8318,-82
8319,-77
8320,-72
8321,-66
8322,-60
8323,-53
8324,-45
8325,-38
8326,-30
8327,-23
8328,-14
8329,-6
8330,-1
8331,3
8332,6
8333,11
8334,17
8335,21
8336,21
8337,20
8338,19
8339,18
8340,17
8341,16
8342,14
8343,13
8344,14
8345,18
8346,23
8347,29
8348,33
8349,38
8350,43
8351,48
8352,52
8353,55
8354,58
8355,59
8356,61
8357,64
8358,69
8359,72
8360,68
8361,61
8362,54
8363,46
8364,37
8365,25
8366,12
8367,-3
8368,-18
8369,-27
8370,-33
8371,-37
8372,-39
8373,-42
8374,-46
8375,-50
8376,-55
8377,-60
8378,-65
8379,-72
8380,-79
8381,-90
8382,-100
8383,-106
8384,-111
8385,-115
8386,-121
8387,-125
8388,-125
8389,-116
8390,-105
8391,-96
8392,-88
8393,-80
8394,-74
8395,-72
8396,-72
8397,-72
8398,-73
8399,-73
8400,-74
8401,-76
8402,-78
8403,-78
8404,-69
8405,-58
8406,-48
8407,-36
8408,-28
8409,-28
8410,-36
8411,-44
8412,-48
8413,-51
8414,-54
8415,-57
8416,-60
8417,-63
8418,-65
8419,-67
8420,-68
8421,-70
8422,-71
8423,-72
8424,-72
8425,-73
8426,-73
8427,-74
8428,-75
8429,-79
8430,-76
8431,-58
8432,-43
8433,-31
8434,-20
8435,-11
8436,-3
8437,5
8438,16
8439,22
8440,15
8441,2
8442,-7
8443,-14
8444,-21
8445,-28
8446,-34
8447,-39
8448,-43
8449,-47
8450,-51
8451,-56
8452,-61
8453,-66
8454,-70
8455,-73
8456,-76
8457,-78
8458,-81
8459,-84
8460,-87
8461,-88
8462,-90
8463,-92
8464,-93
8465,-95
8466,-96
8467,-98
8468,-98
8469,-99
8470,-100
8471,-108
8472,-107
8473,-75
8474,-23
8475,55
8476,164
8477,293
8478,417
8479,497
8480,502
8481,450
8482,304
8483,105
8484,-110
8485,-296
8486,-395
8487,-427
8488,-405
8489,-337
8490,-232
8491,-142
8492,-100
8493,-88
8494,-81
8495,-73
8496,-64
8497,-57
8498,-50
8499,-43
8500,-37
8501,-33
8502,-29
8503,-26
8504,-23
8505,-21
8506,-19
8507,-17
8508,-13
8509,-9
8510,-2
8511,2
8512,1
8513,-5
8514,-14
8515,-20
8516,-27
8517,-33
8518,-36
8519,-32
8520,-23
8521,-10
8522,10
8523,48
8524,70
8525,82
8526,92
8527,99
8528,102
8529,101
8530,98
8531,95
8532,91
8533,86
8534,78
8535,73
8536,79
8537,91
8538,97
8539,102
8540,107
8541,112
8542,116
8543,118
8544,120
8545,122
8546,123
8547,123
8548,122
8549,120
8550,117
8551,114
8552,111
8553,107
8554,104
8555,96
8556,72
8557,42
8558,18
8559,7
8560,0
8561,-4
8562,-8
8563,-9
8564,-8
8565,-5
8566,-1
8567,2
8568,6
8569,9
8570,12
8571,13
8572,11
8573,7
8574,2
8575,-2
8576,-6
8577,-10
8578,-15
8579,-19
8580,-22
8581,-24
8582,-24
8583,-23
8584,-21
8585,-18
8586,-15
8587,-11
8588,-6
8589,4
8590,17
8591,27
8592,37
8593,42
8594,36
8595,25
8596,21
8597,17
8598,14
8599,10
8600,7
8601,4
8602,1
8603,0
8604,-2
8605,-3
8606,-3
8607,-2
8608,0
8609,1
8610,4
8611,7
8612,9
8613,12
8614,15
8615,18
8616,22
8617,28
8618,34
8619,37
8620,34
8621,29
8622,24
8623,19
8624,13
8625,8
8626,9
8627,16
8628,28
8629,48
8630,76
8631,104
8632,127
8633,140
8634,149
8635,152
8636,146
8637,131
8638,108
8639,77
8640,46
8641,19
8642,8
8643,4
8644,0
8645,-3
8646,-6
8647,-8
8648,-9
8649,-10
8650,-11
8651,-11
8652,-11
8653,-11
8654,-11
8655,-10
8656,-8
8657,-6
8658,-3
8659,-1
8660,1
8661,5
8662,8
8663,12
8664,23
8665,53
8666,111
8667,202
8668,320
8669,446
8670,548
8671,589
8672,536
8673,387
8674,179
8675,-30
8676,-195
8677,-269
8678,-293
8679,-274
8680,-217
8681,-154
8682,-99
8683,-72
8684,-58
8685,-51
8686,-47
8687,-41
8688,-34
8689,-25
8690,-17
8691,-9
8692,-2
8693,3
8694,9
8695,13
8696,16
8697,18
8698,21
8699,25
8700,29
8701,34
8702,37
8703,37
8704,33
8705,28
8706,22
8707,15
8708,7
8709,1
8710,1
8711,10
8712,22
8713,29
8714,36
8715,42
8716,48
8717,54
8718,58
8719,61
8720,64
8721,68
8722,74
8723,84
8724,99
8725,113
8726,125
8727,128
8728,129
8729,131
8730,134
8731,134
8732,125
8733,118
8734,113
8735,109
8736,106
8737,105
8738,106
8739,108
8740,110
8741,112
8742,116
8743,122
8744,121
8745,111
8746,101
8747,91
8748,80
8749,67
8750,51
8751,33
8752,15
8753,6
8754,0
8755,-5
8756,-9
8757,-12
8758,-15
8759,-16
8760,-18
8761,-18
8762,-18
8763,-17
8764,-16
8765,-14
8766,-11
8767,-9
8768,-6
8769,-4
8770,-2
8771,0
8772,3
8773,8
8774,12
8775,13
8776,11
8777,6
8778,0
8779,-5
8780,-10
8781,-16
8782,-22
8783,-27
8784,-31
8785,-33
8786,-35
8787,-37
8788,-40
8789,-44
8790,-47
8791,-44
8792,-36
8793,-32
8794,-28
8795,-24
8796,-22
8797,-20
8798,-20
8799,-21
8800,-22
8801,-23
8802,-25
8803,-27
8804,-29
8805,-32
8806,-34
8807,-34
8808,-33
8809,-28
8810,-21
8811,-13
8812,-3
8813,14
8814,28
8815,39
8816,49
8817,59
8818,70
8819,77
8820,83
8821,88
8822,91
8823,92
8824,91
8825,88
8826,82
8827,75
8828,62
8829,37
8830,9
8831,-18
8832,-37
8833,-47
8834,-55
8835,-59
8836,-61
8837,-63
8838,-64
8839,-65
8840,-66
8841,-67
8842,-68
8843,-68
8844,-69
8845,-69
8846,-69
8847,-68
8848,-68
8849,-66
8850,-64
8851,-61
8852,-58
8853,-54
8854,-35
8855,0
8856,51
8857,129
8858,233
8859,356
8860,478
8861,573
8862,612
8863,568
8864,431
8865,227
8866,0
8867,-212
8868,-366
8869,-425
8870,-430
8871,-396
8872,-319
8873,-232
8874,-181
8875,-165
8876,-174
8877,-187
8878,-196
8879,-183
8880,-146
8881,-100
8882,-63
8883,-49
8884,-49
8885,-63
8886,-86
8887,-106
8888,-116
8889,-123
8890,-123
8891,-112
8892,-99
8893,-85
8894,-69
8895,-49
8896,-28
8897,-18
8898,-13
8899,-9
8900,-4
8901,0
8902,4
8903,7
8904,9
8905,10
8906,11
8907,12
8908,13
8909,13
8910,14
8911,15
8912,17
8913,19
8914,21
8915,23
8916,24
8917,25
8918,27
8919,29
8920,31
8921,34
8922,37
8923,39
8924,43
8925,51
8926,59
8927,64
8928,62
8929,57
8930,50
8931,40
8932,26
8933,18
8934,13
8935,10
8936,7
8937,3
8938,-1
8939,-6
8940,-13
8941,-26
8942,-46
8943,-53
8944,-56
8945,-59
8946,-61
8947,-62
8948,-64
8949,-67
8950,-71
8951,-75
8952,-80
8953,-84
8954,-87
8955,-90
8956,-93
8957,-97
8958,-101
8959,-104
8960,-106
8961,-105
8962,-104
8963,-102
8964,-101
8965,-100
8966,-98
8967,-96
8968,-92
8969,-87
8970,-84
8971,-81
8972,-79
8973,-77
8974,-73
8975,-71
8976,-72
8977,-73
8978,-75
8979,-76
8980,-78
8981,-79
8982,-80
8983,-81
8984,-80
8985,-79
8986,-78
8987,-76
8988,-74
8989,-72
8990,-70
8991,-67
8992,-64
8993,-62
8994,-59
8995,-55
8996,-51
8997,-46
8998,-39
8999,-26
